Number of Single-Level Fields:
      43
Length of each field:
      78.0000
                                            Calday
  1.9372900e+02  1.9385400e+02  1.9397900e+02  1.9410400e+02  1.9422900e+02
  1.9435400e+02  1.9447900e+02  1.9460400e+02  1.9472900e+02  1.9485400e+02
  1.9497900e+02  1.9510400e+02  1.9522900e+02  1.9535400e+02  1.9547900e+02
  1.9560400e+02  1.9572900e+02  1.9585400e+02  1.9597900e+02  1.9610400e+02
  1.9622900e+02  1.9635400e+02  1.9647900e+02  1.9660400e+02  1.9672900e+02
  1.9685400e+02  1.9697900e+02  1.9710400e+02  1.9722900e+02  1.9735400e+02
  1.9747900e+02  1.9760400e+02  1.9772900e+02  1.9785400e+02  1.9797900e+02
  1.9810400e+02  1.9822900e+02  1.9835400e+02  1.9847900e+02  1.9860400e+02
  1.9872900e+02  1.9885400e+02  1.9897900e+02  1.9910400e+02  1.9922900e+02
  1.9935400e+02  1.9947900e+02  1.9960400e+02  1.9972900e+02  1.9985400e+02
  1.9997900e+02  2.0010400e+02  2.0022900e+02  2.0035400e+02  2.0047900e+02
  2.0060400e+02  2.0072900e+02  2.0085400e+02  2.0097900e+02  2.0110400e+02
  2.0122900e+02  2.0135400e+02  2.0147900e+02  2.0160400e+02  2.0172900e+02
  2.0185400e+02  2.0197900e+02  2.0210400e+02  2.0222900e+02  2.0235400e+02
  2.0247900e+02  2.0260400e+02  2.0272900e+02  2.0285400e+02  2.0297900e+02
  2.0310400e+02  2.0322900e+02  2.0335400e+02
                                              Year
  1.9990000e+03  1.9990000e+03  1.9990000e+03  1.9990000e+03  1.9990000e+03
  1.9990000e+03  1.9990000e+03  1.9990000e+03  1.9990000e+03  1.9990000e+03
  1.9990000e+03  1.9990000e+03  1.9990000e+03  1.9990000e+03  1.9990000e+03
  1.9990000e+03  1.9990000e+03  1.9990000e+03  1.9990000e+03  1.9990000e+03
  1.9990000e+03  1.9990000e+03  1.9990000e+03  1.9990000e+03  1.9990000e+03
  1.9990000e+03  1.9990000e+03  1.9990000e+03  1.9990000e+03  1.9990000e+03
  1.9990000e+03  1.9990000e+03  1.9990000e+03  1.9990000e+03  1.9990000e+03
  1.9990000e+03  1.9990000e+03  1.9990000e+03  1.9990000e+03  1.9990000e+03
  1.9990000e+03  1.9990000e+03  1.9990000e+03  1.9990000e+03  1.9990000e+03
  1.9990000e+03  1.9990000e+03  1.9990000e+03  1.9990000e+03  1.9990000e+03
  1.9990000e+03  1.9990000e+03  1.9990000e+03  1.9990000e+03  1.9990000e+03
  1.9990000e+03  1.9990000e+03  1.9990000e+03  1.9990000e+03  1.9990000e+03
  1.9990000e+03  1.9990000e+03  1.9990000e+03  1.9990000e+03  1.9990000e+03
  1.9990000e+03  1.9990000e+03  1.9990000e+03  1.9990000e+03  1.9990000e+03
  1.9990000e+03  1.9990000e+03  1.9990000e+03  1.9990000e+03  1.9990000e+03
  1.9990000e+03  1.9990000e+03  1.9990000e+03
                                             Month
  7.0000000e+00  7.0000000e+00  7.0000000e+00  7.0000000e+00  7.0000000e+00
  7.0000000e+00  7.0000000e+00  7.0000000e+00  7.0000000e+00  7.0000000e+00
  7.0000000e+00  7.0000000e+00  7.0000000e+00  7.0000000e+00  7.0000000e+00
  7.0000000e+00  7.0000000e+00  7.0000000e+00  7.0000000e+00  7.0000000e+00
  7.0000000e+00  7.0000000e+00  7.0000000e+00  7.0000000e+00  7.0000000e+00
  7.0000000e+00  7.0000000e+00  7.0000000e+00  7.0000000e+00  7.0000000e+00
  7.0000000e+00  7.0000000e+00  7.0000000e+00  7.0000000e+00  7.0000000e+00
  7.0000000e+00  7.0000000e+00  7.0000000e+00  7.0000000e+00  7.0000000e+00
  7.0000000e+00  7.0000000e+00  7.0000000e+00  7.0000000e+00  7.0000000e+00
  7.0000000e+00  7.0000000e+00  7.0000000e+00  7.0000000e+00  7.0000000e+00
  7.0000000e+00  7.0000000e+00  7.0000000e+00  7.0000000e+00  7.0000000e+00
  7.0000000e+00  7.0000000e+00  7.0000000e+00  7.0000000e+00  7.0000000e+00
  7.0000000e+00  7.0000000e+00  7.0000000e+00  7.0000000e+00  7.0000000e+00
  7.0000000e+00  7.0000000e+00  7.0000000e+00  7.0000000e+00  7.0000000e+00
  7.0000000e+00  7.0000000e+00  7.0000000e+00  7.0000000e+00  7.0000000e+00
  7.0000000e+00  7.0000000e+00  7.0000000e+00
                                               Day
  1.2000000e+01  1.2000000e+01  1.2000000e+01  1.3000000e+01  1.3000000e+01
  1.3000000e+01  1.3000000e+01  1.3000000e+01  1.3000000e+01  1.3000000e+01
  1.3000000e+01  1.4000000e+01  1.4000000e+01  1.4000000e+01  1.4000000e+01
  1.4000000e+01  1.4000000e+01  1.4000000e+01  1.4000000e+01  1.5000000e+01
  1.5000000e+01  1.5000000e+01  1.5000000e+01  1.5000000e+01  1.5000000e+01
  1.5000000e+01  1.5000000e+01  1.6000000e+01  1.6000000e+01  1.6000000e+01
  1.6000000e+01  1.6000000e+01  1.6000000e+01  1.6000000e+01  1.6000000e+01
  1.7000000e+01  1.7000000e+01  1.7000000e+01  1.7000000e+01  1.7000000e+01
  1.7000000e+01  1.7000000e+01  1.7000000e+01  1.8000000e+01  1.8000000e+01
  1.8000000e+01  1.8000000e+01  1.8000000e+01  1.8000000e+01  1.8000000e+01
  1.8000000e+01  1.9000000e+01  1.9000000e+01  1.9000000e+01  1.9000000e+01
  1.9000000e+01  1.9000000e+01  1.9000000e+01  1.9000000e+01  2.0000000e+01
  2.0000000e+01  2.0000000e+01  2.0000000e+01  2.0000000e+01  2.0000000e+01
  2.0000000e+01  2.0000000e+01  2.1000000e+01  2.1000000e+01  2.1000000e+01
  2.1000000e+01  2.1000000e+01  2.1000000e+01  2.1000000e+01  2.1000000e+01
  2.2000000e+01  2.2000000e+01  2.2000000e+01
                                              Hour
  1.7000000e+01  2.0000000e+01  2.3000000e+01  2.0000000e+00  5.0000000e+00
  8.0000000e+00  1.1000000e+01  1.4000000e+01  1.7000000e+01  2.0000000e+01
  2.3000000e+01  2.0000000e+00  5.0000000e+00  8.0000000e+00  1.1000000e+01
  1.4000000e+01  1.7000000e+01  2.0000000e+01  2.3000000e+01  2.0000000e+00
  5.0000000e+00  8.0000000e+00  1.1000000e+01  1.4000000e+01  1.7000000e+01
  2.0000000e+01  2.3000000e+01  2.0000000e+00  5.0000000e+00  8.0000000e+00
  1.1000000e+01  1.4000000e+01  1.7000000e+01  2.0000000e+01  2.3000000e+01
  2.0000000e+00  5.0000000e+00  8.0000000e+00  1.1000000e+01  1.4000000e+01
  1.7000000e+01  2.0000000e+01  2.3000000e+01  2.0000000e+00  5.0000000e+00
  8.0000000e+00  1.1000000e+01  1.4000000e+01  1.7000000e+01  2.0000000e+01
  2.3000000e+01  2.0000000e+00  5.0000000e+00  8.0000000e+00  1.1000000e+01
  1.4000000e+01  1.7000000e+01  2.0000000e+01  2.3000000e+01  2.0000000e+00
  5.0000000e+00  8.0000000e+00  1.1000000e+01  1.4000000e+01  1.7000000e+01
  2.0000000e+01  2.3000000e+01  2.0000000e+00  5.0000000e+00  8.0000000e+00
  1.1000000e+01  1.4000000e+01  1.7000000e+01  2.0000000e+01  2.3000000e+01
  2.0000000e+00  5.0000000e+00  8.0000000e+00
                                            Minute
  3.0000000e+01  3.0000000e+01  3.0000000e+01  3.0000000e+01  3.0000000e+01
  3.0000000e+01  3.0000000e+01  3.0000000e+01  3.0000000e+01  3.0000000e+01
  3.0000000e+01  3.0000000e+01  3.0000000e+01  3.0000000e+01  3.0000000e+01
  3.0000000e+01  3.0000000e+01  3.0000000e+01  3.0000000e+01  3.0000000e+01
  3.0000000e+01  3.0000000e+01  3.0000000e+01  3.0000000e+01  3.0000000e+01
  3.0000000e+01  3.0000000e+01  3.0000000e+01  3.0000000e+01  3.0000000e+01
  3.0000000e+01  3.0000000e+01  3.0000000e+01  3.0000000e+01  3.0000000e+01
  3.0000000e+01  3.0000000e+01  3.0000000e+01  3.0000000e+01  3.0000000e+01
  3.0000000e+01  3.0000000e+01  3.0000000e+01  3.0000000e+01  3.0000000e+01
  3.0000000e+01  3.0000000e+01  3.0000000e+01  3.0000000e+01  3.0000000e+01
  3.0000000e+01  3.0000000e+01  3.0000000e+01  3.0000000e+01  3.0000000e+01
  3.0000000e+01  3.0000000e+01  3.0000000e+01  3.0000000e+01  3.0000000e+01
  3.0000000e+01  3.0000000e+01  3.0000000e+01  3.0000000e+01  3.0000000e+01
  3.0000000e+01  3.0000000e+01  3.0000000e+01  3.0000000e+01  3.0000000e+01
  3.0000000e+01  3.0000000e+01  3.0000000e+01  3.0000000e+01  3.0000000e+01
  3.0000000e+01  3.0000000e+01  3.0000000e+01
                                     Prec(mm/hour)
  0.0000000e+00  1.3333300e-04  0.0000000e+00  0.0000000e+00  0.0000000e+00
  0.0000000e+00  0.0000000e+00  0.0000000e+00  0.0000000e+00  0.0000000e+00
  0.0000000e+00  0.0000000e+00  0.0000000e+00  0.0000000e+00  0.0000000e+00
  0.0000000e+00  0.0000000e+00  0.0000000e+00  0.0000000e+00  0.0000000e+00
  0.0000000e+00  0.0000000e+00  0.0000000e+00  0.0000000e+00  0.0000000e+00
  0.0000000e+00  0.0000000e+00  0.0000000e+00  1.1333300e-03  1.4520000e-01
  4.2716700e-01  5.1203299e-01  1.8726701e-01  2.2366701e-02  6.5740001e-01
  6.6596699e-01  1.4200000e-01  1.9266700e-02  1.0666701e-03  1.3666700e-03
  0.0000000e+00  6.6666697e-05  0.0000000e+00  0.0000000e+00  0.0000000e+00
  0.0000000e+00  0.0000000e+00  0.0000000e+00  0.0000000e+00  0.0000000e+00
  0.0000000e+00  0.0000000e+00  0.0000000e+00  0.0000000e+00  0.0000000e+00
  0.0000000e+00  0.0000000e+00  0.0000000e+00  0.0000000e+00  0.0000000e+00
  0.0000000e+00  0.0000000e+00  3.6666699e-04  0.0000000e+00  0.0000000e+00
  0.0000000e+00  0.0000000e+00  0.0000000e+00  0.0000000e+00  0.0000000e+00
  0.0000000e+00  0.0000000e+00  0.0000000e+00  0.0000000e+00  0.0000000e+00
  0.0000000e+00  0.0000000e+00  0.0000000e+00
                                  LH_(upward_W/m2)
  2.7334274e+02  2.6934732e+02  1.2592204e+02 -4.7555298e-01 -1.7056991e+00
  1.0386752e+00  2.4770567e+01  1.9604842e+02  3.1829337e+02  3.4026010e+02
  1.6382657e+02  1.1844591e+00  6.2151270e+00 -6.0553136e+00  1.3458566e+01
  1.9608528e+02  3.3363284e+02  3.5071426e+02  1.5869560e+02  1.2737448e+00
 -1.2563045e+00 -4.7511578e+00  1.2836126e+01  1.8210738e+02  3.3152094e+02
  3.3237939e+02  1.6585567e+02  2.3771215e+01  4.5363071e+01  3.7397633e+01
  3.0512840e+01  1.0829564e+02  2.3536250e+02  2.6488907e+02  1.4378555e+02
  2.1739544e+01  1.3163867e+01 -5.8137288e+00  1.1861506e+01  1.9063258e+02
  3.7981796e+02  3.3797342e+02  1.8439818e+02  1.8235060e+01 -3.1513453e-01
  8.2966070e+00  5.7352486e+00  1.9665384e+02  3.8979828e+02  3.5882901e+02
  1.7328076e+02  1.1198674e+01  5.0107379e+00 -6.6967483e+00  1.7230761e+01
  2.1232892e+02  3.9635400e+02  3.5742542e+02  1.7849400e+02  1.4789022e+01
 -2.2949991e+00 -6.9302626e+00  8.9620543e+00  1.9721443e+02  3.5841730e+02
  3.5709341e+02  1.7539731e+02  9.7233515e+00 -3.6948817e+00 -5.0656385e+00
  6.2300358e+00  9.9091034e+01  1.8693106e+02  1.9527594e+02  8.9170898e+01
  1.6573492e+01  9.8879995e+00  1.3714803e+01
                                  SH_(upward_W/m2)
  8.9803688e+01  7.1843758e+01  3.6042118e+01 -8.5485210e+00 -6.6474628e+00
 -6.2427354e+00  3.7597635e+00  9.4513824e+01  1.6781931e+02  1.1635891e+02
  2.9487175e+01 -1.5977606e+01 -1.7355734e+01 -8.6037560e+00 -3.2037981e+00
  8.1166092e+01  1.3589865e+02  9.0541389e+01  2.4610695e+01 -1.9573774e+01
 -2.1791471e+01 -2.0437210e+01 -5.7767649e+00  8.0616302e+01  1.5805103e+02
  1.0443852e+02  7.2270924e-01 -1.7381330e+01 -2.7217211e+01 -2.3893444e+01
  5.0191873e-01  1.6552526e+01  7.5457848e+01  6.2919174e+01  4.1191044e+00
 -2.0297302e+01 -1.5809346e+01 -8.9437380e+00 -3.9715061e+00  6.8271584e+01
  1.2630601e+02  9.0022591e+01  1.5207726e+01 -7.1230879e+00 -8.3437462e+00
 -6.7563882e+00  4.3966160e+00  8.5800873e+01  1.2109193e+02  7.9344643e+01
  1.6425425e+01 -2.1544046e+01 -1.3765064e+01 -1.0420554e+01 -4.2176557e+00
  6.9587959e+01  1.0367750e+02  6.5981659e+01  8.4317188e+00 -2.4026176e+01
 -1.0800978e+01 -2.7544954e+00 -3.8444972e-01  7.1141258e+01  1.2004733e+02
  9.6357025e+01  2.3448404e+01 -1.5836474e+01 -1.4825974e+01 -1.3001339e+01
 -3.6014984e+00  9.5189697e+01  2.0578310e+02  1.9916600e+02  5.6850368e+01
 -2.9226307e+01 -2.8888998e+01 -2.6135988e+01
                                  Area_Mean_Ps(mb)
  9.7737036e+02  9.7618262e+02  9.7493060e+02  9.7478668e+02  9.7536346e+02
  9.7439807e+02  9.7425580e+02  9.7445312e+02  9.7332928e+02  9.7157574e+02
  9.7012701e+02  9.6991504e+02  9.7014447e+02  9.6934192e+02  9.6933441e+02
  9.6975092e+02  9.6912054e+02  9.6795129e+02  9.6699017e+02  9.6719202e+02
  9.6824518e+02  9.6778296e+02  9.6813428e+02  9.6859937e+02  9.6768121e+02
  9.6694061e+02  9.6591852e+02  9.6643951e+02  9.6761725e+02  9.6788519e+02
  9.6881696e+02  9.7044916e+02  9.7146039e+02  9.7102600e+02  9.6998804e+02
  9.7119098e+02  9.7278650e+02  9.7310437e+02  9.7383960e+02  9.7454199e+02
  9.7452252e+02  9.7349225e+02  9.7239410e+02  9.7307239e+02  9.7428967e+02
  9.7426782e+02  9.7445251e+02  9.7508691e+02  9.7449481e+02  9.7322485e+02
  9.7198907e+02  9.7232977e+02  9.7343378e+02  9.7357037e+02  9.7350897e+02
  9.7424591e+02  9.7382501e+02  9.7252026e+02  9.7102771e+02  9.7126190e+02
  9.7211511e+02  9.7196692e+02  9.7253223e+02  9.7327325e+02  9.7275897e+02
  9.7155493e+02  9.7038971e+02  9.7126624e+02  9.7268604e+02  9.7250861e+02
  9.7292462e+02  9.7435883e+02  9.7432751e+02  9.7337402e+02  9.7196295e+02
  9.7246490e+02  9.7374854e+02  9.7366962e+02
                           Central_Facility_Ps(mb)
  9.8229999e+02  9.8109998e+02  9.8010797e+02  9.8160303e+02  9.8179797e+02
  9.8090698e+02  9.8229999e+02  9.8061298e+02  9.7683002e+02  9.7911298e+02
  9.7540399e+02  9.7509998e+02  9.7659998e+02  9.7560797e+02  9.7490601e+02
  9.7490002e+02  9.7393500e+02  9.7439600e+02  9.7270001e+02  9.7300000e+02
  9.7559998e+02  9.7421100e+02  9.7539099e+02  9.7559802e+02  9.7440002e+02
  9.7420203e+02  9.7230499e+02  9.7250000e+02  9.7508002e+02  9.7509998e+02
  9.7579401e+02  9.7679199e+02  9.7868500e+02  9.7731097e+02  9.7660602e+02
  9.7868298e+02  9.7940002e+02  9.7940002e+02  9.8108600e+02  9.8129999e+02
  9.8109998e+02  9.7970001e+02  9.7821198e+02  9.7820001e+02  9.8040002e+02
  9.8042700e+02  9.8208698e+02  9.8129999e+02  9.8109998e+02  9.7941302e+02
  9.7890002e+02  9.7820599e+02  9.8009998e+02  9.8059601e+02  9.7971399e+02
  9.8059302e+02  9.8009998e+02  9.7898102e+02  9.7800800e+02  9.7750000e+02
  9.7890002e+02  9.7850299e+02  9.7970001e+02  9.7970001e+02  9.7870001e+02
  9.7750897e+02  9.7700403e+02  9.7749597e+02  9.7890002e+02  9.7970001e+02
  9.8009698e+02  9.8088702e+02  9.8009998e+02  9.7920001e+02  9.7870001e+02
  9.7989203e+02  9.7940002e+02  9.8040002e+02
                                         Ts_Air(C)
  2.4592600e+01  2.5827141e+01  2.5672832e+01  2.1191998e+01  1.8031404e+01
  1.6438696e+01  1.5990296e+01  2.1887409e+01  2.6963987e+01  2.9664616e+01
  2.9797037e+01  2.5147629e+01  2.2356787e+01  2.0692358e+01  2.0216427e+01
  2.5567226e+01  3.1100435e+01  3.3409401e+01  3.2616028e+01  2.8357525e+01
  2.6136639e+01  2.4647018e+01  2.3433435e+01  2.6428596e+01  3.0306252e+01
  3.2141968e+01  3.1606859e+01  2.7891027e+01  2.6146147e+01  2.5256796e+01
  2.3796085e+01  2.4515501e+01  2.7483812e+01  2.9859474e+01  2.9781248e+01
  2.5859484e+01  2.4496258e+01  2.3247759e+01  2.2264839e+01  2.6183077e+01
  3.0600824e+01  3.2340393e+01  3.1883871e+01  2.7322760e+01  2.4863937e+01
  2.3510153e+01  2.2921318e+01  2.7190331e+01  3.1593748e+01  3.3291862e+01
  3.2799259e+01  2.8320066e+01  2.5592571e+01  2.3777666e+01  2.3015491e+01
  2.7441116e+01  3.2450127e+01  3.4119381e+01  3.3313526e+01  2.8521727e+01
  2.5854115e+01  2.4188530e+01  2.3331247e+01  2.7711529e+01  3.2098438e+01
  3.3715672e+01  3.2998085e+01  2.8407482e+01  2.5596447e+01  2.3870686e+01
  2.2883764e+01  2.7472940e+01  3.1754959e+01  3.3437073e+01  3.2760635e+01
  2.8221598e+01  2.5382929e+01  2.3903093e+01
                                        Tg_Soil(C)
  2.4477848e+01  2.6072613e+01  2.6653158e+01  2.5770466e+01  2.4409302e+01
  2.3455336e+01  2.2699938e+01  2.2566021e+01  2.4341496e+01  2.7155384e+01
  2.7947586e+01  2.6836903e+01  2.5607695e+01  2.4715792e+01  2.4002169e+01
  2.3939047e+01  2.5456217e+01  2.7805529e+01  2.8489420e+01  2.7556442e+01
  2.6512003e+01  2.5814064e+01  2.5224976e+01  2.5026842e+01  2.6332428e+01
  2.7992334e+01  2.8381018e+01  2.7398018e+01  2.6344360e+01  2.5645327e+01
  2.4983206e+01  2.4594931e+01  2.5141621e+01  2.6261225e+01  2.6861984e+01
  2.5898163e+01  2.5215290e+01  2.4761417e+01  2.4323860e+01  2.4253366e+01
  2.5674547e+01  2.7616814e+01  2.8037348e+01  2.7163765e+01  2.6172684e+01
  2.5481520e+01  2.4898676e+01  2.4838148e+01  2.6251112e+01  2.8254881e+01
  2.8733881e+01  2.7729712e+01  2.6723059e+01  2.5945614e+01  2.5276850e+01
  2.5159576e+01  2.6654762e+01  2.8798141e+01  2.9243896e+01  2.8243061e+01
  2.7155064e+01  2.6348269e+01  2.5699310e+01  2.5544142e+01  2.6937529e+01
  2.9029366e+01  2.9626766e+01  2.8603142e+01  2.7408161e+01  2.6524698e+01
  2.5819597e+01  2.5503670e+01  2.6081179e+01  2.5789993e+01  2.5629301e+01
  2.5580330e+01  2.5474394e+01  2.5453682e+01
                                     Sfc_Air_RH(%)
  5.6458359e+01  5.1549343e+01  5.2583447e+01  7.3386772e+01  8.5907005e+01
  9.0921394e+01  9.2368820e+01  7.1490204e+01  5.6156002e+01  5.0438965e+01
  4.9329220e+01  6.7988800e+01  7.8531616e+01  8.4645622e+01  8.7525475e+01
  7.3905708e+01  5.8700417e+01  4.7666199e+01  4.8668674e+01  6.4626678e+01
  7.3882965e+01  7.8401680e+01  8.2094315e+01  7.1349503e+01  5.6848156e+01
  4.9225014e+01  4.7794758e+01  5.5139507e+01  5.8166088e+01  6.2083111e+01
  7.2519005e+01  7.4391457e+01  6.6122581e+01  6.0407375e+01  5.9948925e+01
  7.3676086e+01  7.9812782e+01  8.4368996e+01  8.8702225e+01  7.5684113e+01
  5.9875755e+01  5.1347797e+01  4.9891766e+01  6.7372360e+01  7.8222527e+01
  8.4604294e+01  8.8137749e+01  7.3765579e+01  5.6226051e+01  4.8198116e+01
  4.9061848e+01  6.4872612e+01  7.5499802e+01  8.2088623e+01  8.4820808e+01
  6.9175659e+01  5.2250015e+01  4.5656391e+01  4.7437584e+01  6.4157784e+01
  7.5045403e+01  8.1585617e+01  8.5174538e+01  6.9804192e+01  5.4181370e+01
  4.7090084e+01  4.7902145e+01  6.3980820e+01  7.4408859e+01  7.9984749e+01
  8.4462585e+01  6.9507271e+01  5.4353016e+01  4.7716133e+01  4.9023693e+01
  6.5378372e+01  7.7368599e+01  8.3819046e+01
                               Srf_wind_speed(m/s)
  2.1559412e+00  1.8858751e+00  2.4697757e+00  2.1602571e+00  2.1464469e+00
  1.8183866e+00  1.8201933e+00  3.8629239e+00  4.9466476e+00  4.9754677e+00
  4.9402890e+00  3.8629141e+00  4.1110668e+00  3.6202438e+00  3.3891673e+00
  4.7048626e+00  5.5264859e+00  6.5992708e+00  6.2459059e+00  4.7163696e+00
  5.1321669e+00  5.2199011e+00  5.1270313e+00  6.9117517e+00  7.9791570e+00
  8.6920261e+00  8.0887241e+00  6.1169872e+00  6.6594324e+00  6.3289843e+00
  5.3147407e+00  5.2482948e+00  5.9223280e+00  6.0028758e+00  5.5797319e+00
  3.6563952e+00  3.6341248e+00  3.2071083e+00  3.0384486e+00  4.8289046e+00
  5.2619920e+00  5.1928539e+00  5.2606196e+00  3.5920126e+00  3.6812441e+00
  3.3549254e+00  3.2682467e+00  4.5777588e+00  5.4518018e+00  5.7439375e+00
  5.4469752e+00  3.8604872e+00  3.6411400e+00  3.0606027e+00  3.1818333e+00
  4.5030117e+00  4.8351307e+00  5.0740819e+00  5.3986158e+00  3.6960499e+00
  3.3990648e+00  3.1557806e+00  3.1924233e+00  5.4766288e+00  6.1212320e+00
  5.8069844e+00  5.2003160e+00  3.7898567e+00  3.5925090e+00  3.2807369e+00
  3.1525805e+00  4.4974275e+00  5.0965648e+00  4.7956767e+00  5.0369034e+00
  3.6539552e+00  3.2389274e+00  3.2047255e+00
                                      u_wind_(m/s)
 -8.2718164e-01 -4.6514603e-01 -1.2796615e+00 -1.1455269e+00 -5.0759560e-01
 -4.6288879e-03  6.4971961e-02  1.4048624e-01  1.6501516e-01 -1.8945463e-02
 -8.8537383e-01 -2.1003606e+00 -1.9016712e+00 -1.2117313e+00 -1.0498142e+00
  5.3101480e-01  1.1749113e+00  5.5268729e-01 -9.3552327e-01 -2.0634320e+00
 -1.6179609e+00 -1.1976895e+00 -1.1326677e+00 -5.2303410e-01 -1.2074780e+00
 -1.9265243e+00 -2.1282454e+00 -2.6886945e+00 -1.6385539e+00 -3.1562576e-01
  5.8616478e-02  1.1466155e-01 -2.9058486e-01 -9.7195613e-01 -2.2177174e+00
 -2.4153745e+00 -1.9227884e+00 -1.2970401e+00 -9.7443408e-01  7.1047783e-01
  9.5836258e-01 -8.0183208e-01 -1.9746431e+00 -2.0287173e+00 -1.7204531e+00
 -1.0286719e+00 -4.2296985e-01  1.4695710e+00  1.5638628e+00  6.7392874e-01
 -4.3889445e-01 -1.4560748e+00 -6.7430109e-01 -2.2890882e-01  2.5771788e-01
  2.2998667e+00  2.5906255e+00  5.7156348e-01 -7.2821432e-01 -1.1771157e+00
 -6.8978083e-01 -4.0494448e-01 -4.6402927e-02  2.1206462e+00  2.2419016e+00
  1.0430076e+00 -9.9939108e-01 -1.5692785e+00 -8.5452873e-01  7.2233908e-02
  4.6961722e-01  1.7867208e+00  1.7117590e+00  1.4080600e-01 -1.2879268e+00
 -1.4833417e+00 -8.3185035e-01 -6.3876085e-02
                                       v_wind(m/s)
  6.7175913e-01  4.2913881e-01  9.9924874e-01  1.5602984e+00  1.8612940e+00
  1.6558496e+00  1.6671215e+00  3.6353047e+00  4.7888227e+00  4.8634510e+00
  4.7266450e+00  3.0924966e+00  3.5433857e+00  3.2084763e+00  2.9303133e+00
  4.4679213e+00  5.2894754e+00  6.4989204e+00  6.0574932e+00  4.1525741e+00
  4.8096085e+00  5.0022116e+00  4.9288177e+00  6.8378587e+00  7.8138185e+00
  8.3319540e+00  7.6837511e+00  5.4240179e+00  6.3495760e+00  6.2159772e+00
  5.0739169e+00  4.7719750e+00  5.5333028e+00  5.5082965e+00  4.2212796e+00
  2.0790215e+00  2.7347102e+00  2.6892474e+00  2.7342806e+00  4.7115140e+00
  5.1279902e+00  5.0344563e+00  4.7720051e+00  2.8961544e+00  3.2036648e+00
  3.0833442e+00  3.0915697e+00  4.3004808e+00  5.1672826e+00  5.6356444e+00
  5.3632131e+00  3.5200346e+00  3.5205781e+00  2.9152358e+00  3.0368767e+00
  3.8085575e+00  4.0155125e+00  4.9246721e+00  5.2284193e+00  3.4504459e+00
  3.2597215e+00  3.0457151e+00  3.0862622e+00  5.0000439e+00  5.6569719e+00
  5.5887203e+00  4.9881625e+00  3.3707981e+00  3.4220262e+00  3.1933529e+00
  3.0271788e+00  4.0580940e+00  4.7184086e+00  4.6959772e+00  4.7423291e+00
  3.2793665e+00  3.0595951e+00  3.1076443e+00
                              Srf_Net_Dn_Rad(W/m2)
  4.2898169e+02  3.8780960e+02  1.4584084e+02 -3.8644901e+01 -3.8803890e+01
 -3.6860836e+01  1.7642212e+01  3.2505066e+02  6.2603595e+02  5.5293024e+02
  1.7547310e+02 -3.7395233e+01 -3.9236366e+01 -3.6765213e+01  1.4813209e+01
  3.2276053e+02  6.1022540e+02  5.2545764e+02  1.6816238e+02 -2.9750841e+01
 -3.5330750e+01 -3.7165203e+01  1.2915213e+01  3.1316968e+02  6.1948022e+02
  5.2606793e+02  1.6493730e+02 -3.0333565e+01 -3.0988054e+01 -2.3962420e+01
 -3.9906106e+00  1.3500301e+02  3.6313910e+02  3.8145691e+02  1.3631061e+02
 -2.1828608e+01 -2.3521494e+01 -2.7243622e+01  8.8149652e+00  3.0711426e+02
  6.1226733e+02  5.0846771e+02  1.7423894e+02 -3.0893934e+01 -3.1836128e+01
 -2.8818552e+01  1.5222446e+01  3.2453580e+02  6.1145831e+02  5.1782013e+02
  1.8318713e+02 -3.0320782e+01 -3.4493774e+01 -3.2866013e+01  1.4129795e+01
  3.2409991e+02  6.1243042e+02  5.2259528e+02  1.7668465e+02 -2.8462156e+01
 -3.2294533e+01 -3.0730793e+01  1.3724990e+01  3.1063727e+02  5.9208087e+02
  5.1307501e+02  1.7684544e+02 -3.1897375e+01 -3.3865452e+01 -3.2247375e+01
  1.1333542e+01  3.5096439e+02  6.5314282e+02  5.5656384e+02  1.7269000e+02
 -3.2786835e+01 -3.0971344e+01 -2.9574188e+01
                                   TOA_LW_Up(W/m2)
  2.2258919e+02  2.2696011e+02  2.7138791e+02  2.8187762e+02  2.7863068e+02
  2.7707736e+02  2.7748187e+02  2.9282196e+02  3.1005219e+02  3.1506870e+02
  3.1065207e+02  3.1214435e+02  3.1307532e+02  3.1087930e+02  3.1091650e+02
  2.9596393e+02  2.9149924e+02  2.9471542e+02  2.8964246e+02  2.7406857e+02
  2.7753021e+02  2.8480899e+02  2.8414252e+02  2.9058939e+02  3.0133463e+02
  2.9431656e+02  2.8677856e+02  2.7347220e+02  2.3336105e+02  2.0512105e+02
  1.9817294e+02  1.9129677e+02  1.9844127e+02  2.2276285e+02  2.5964288e+02
  2.1866914e+02  1.9293730e+02  2.3388541e+02  2.5561259e+02  2.7826157e+02
  2.9587219e+02  2.7361057e+02  2.8349915e+02  2.9177283e+02  2.9022491e+02
  2.8681223e+02  2.8141760e+02  2.7779547e+02  2.7338904e+02  2.8599545e+02
  3.0447751e+02  3.0491437e+02  3.0524155e+02  3.0543665e+02  3.0560321e+02
  3.0451682e+02  3.0566107e+02  3.0348508e+02  2.9903220e+02  2.8979938e+02
  2.8748901e+02  2.8475595e+02  2.8344321e+02  2.9178473e+02  3.0343558e+02
  3.0423776e+02  3.0082736e+02  2.9284247e+02  2.8785062e+02  2.8594058e+02
  2.8557040e+02  2.9408121e+02  3.0406509e+02  3.0301407e+02  2.9827054e+02
  2.8903204e+02  2.8565656e+02  2.8302148e+02
                                   TOA_SW_Dn(W/m2)
  8.6746741e+02  7.8133740e+02  4.1162646e+02  0.0000000e+00  0.0000000e+00
  0.0000000e+00  1.9069569e+01  6.2306573e+02  1.0595116e+03  9.9205206e+02
  4.6551932e+02  0.0000000e+00  0.0000000e+00  0.0000000e+00  0.0000000e+00
  2.9580975e+02  4.3409726e+02  9.5075061e+02  4.4820377e+02  0.0000000e+00
  0.0000000e+00  0.0000000e+00  1.5162724e+01  5.9689410e+02  1.0546447e+03
  9.7495355e+02  4.5050317e+02  0.0000000e+00  0.0000000e+00  0.0000000e+00
  1.1802530e+01  3.9801767e+02  7.9447076e+02  7.9423645e+02  4.1268134e+02
  0.0000000e+00  0.0000000e+00  0.0000000e+00  1.1317755e+01  5.8727716e+02
  1.0324430e+03  4.0312869e+02  4.0013373e+02  0.0000000e+00  0.0000000e+00
  0.0000000e+00  7.0638475e+00  6.0978693e+02  1.0312540e+03  9.5462811e+02
  4.5203784e+02  0.0000000e+00  0.0000000e+00  0.0000000e+00  5.7698689e+00
  6.0888397e+02  1.0410338e+03  9.4898608e+02  4.5222052e+02  0.0000000e+00
  0.0000000e+00  0.0000000e+00  7.0638475e+00  6.0978693e+02  1.0312540e+03
  9.5462811e+02  4.5203784e+02  0.0000000e+00  0.0000000e+00  0.0000000e+00
  5.7698689e+00  6.0888397e+02  1.0371909e+03  9.5617560e+02  4.5095602e+02
  0.0000000e+00  0.0000000e+00  0.0000000e+00
                                     TOA_Ins(W/m2)
  1.2372109e+03  1.1548840e+03  5.6902618e+02  0.0000000e+00  0.0000000e+00
  0.0000000e+00  2.0995020e+01  7.6625781e+02  1.2363097e+03  1.1542981e+03
  5.6795990e+02  0.0000000e+00  0.0000000e+00  0.0000000e+00  1.8835979e+01
  7.6452289e+02  1.2353738e+03  1.1536172e+03  5.6694312e+02  0.0000000e+00
  0.0000000e+00  0.0000000e+00  1.6773293e+01  7.6283521e+02  1.2344019e+03
  1.1528956e+03  5.6563074e+02  0.0000000e+00  0.0000000e+00  0.0000000e+00
  1.4839992e+01  7.6087830e+02  1.2333909e+03  1.1521355e+03  5.6436823e+02
  0.0000000e+00  0.0000000e+00  0.0000000e+00  1.2889492e+01  7.5896802e+02
  1.2323450e+03  1.1512759e+03  5.6292511e+02  0.0000000e+00  0.0000000e+00
  0.0000000e+00  1.1110038e+01  7.5721014e+02  1.2312925e+03  1.1503766e+03
  5.6153278e+02  0.0000000e+00  0.0000000e+00  0.0000000e+00  9.4001360e+00
  7.5528796e+02  1.2302015e+03  1.1494338e+03  5.5995959e+02  0.0000000e+00
  0.0000000e+00  0.0000000e+00  7.7960877e+00  7.5330664e+02  1.2291042e+03
  1.1484497e+03  5.5820551e+02  0.0000000e+00  0.0000000e+00  0.0000000e+00
  6.3625231e+00  7.5126593e+02  1.2279657e+03  1.1473634e+03  5.5638629e+02
  0.0000000e+00  0.0000000e+00  0.0000000e+00
                                    GOES_Lowcld(%)
  6.1974788e+00  8.7138376e+00  6.2894292e+00  1.3233024e-02  0.0000000e+00
  0.0000000e+00  7.7944812e-03  1.4722666e-01  1.4880988e-01  1.2279841e+00
  7.8232515e-01  8.4648716e-01  8.4596765e-01  8.6685634e-01  8.9280605e-01
  9.0494041e+00  9.0446091e+00  9.0621672e+00  5.0942268e+00  5.3023254e-03
  0.0000000e+00  0.0000000e+00  4.5622963e-02  4.5319727e-01  1.0104097e+00
  1.2018400e+00  3.9990062e-01  1.9925093e-02  0.0000000e+00  0.0000000e+00
  1.7665419e-03  5.9475605e-03  2.4379862e-02  2.8691280e-01  1.0881766e+00
  0.0000000e+00  0.0000000e+00  0.0000000e+00  1.7618936e-02  2.6013118e-01
  3.1827896e+00  3.0732961e+00  3.0765913e+00  3.1046755e+00  3.2763534e+00
  3.8476076e+00  4.5051274e+00  5.5124521e+00  6.3751540e+00  7.8504148e+00
  7.7058835e+00  7.0110812e+00  6.4729385e+00  6.3596034e+00  6.2670798e+00
  6.2822423e+00  6.4707785e+00  1.9729216e+01  5.1711574e+00  2.0664325e-03
  0.0000000e+00  0.0000000e+00  4.1684218e-02  8.4819233e-01  1.1829069e+01
  2.3258797e+01  4.6924129e+00  2.1920069e-03  0.0000000e+00  0.0000000e+00
  2.5971286e-02  7.2740197e-01  8.0848274e+00  2.1369360e+01  7.3149662e+00
  0.0000000e+00  0.0000000e+00  0.0000000e+00
                                    GOES_Midcld(%)
  1.7908855e+01  3.0019764e+01  1.4998338e+01  2.3041475e+00  2.4433832e-01
  0.0000000e+00  1.6227633e-02  1.2763785e-01  0.0000000e+00  0.0000000e+00
  2.1465080e-02  3.3314131e-02  3.3351135e-02  3.6621355e-02  4.3001838e-02
  5.9170103e+00  5.9199381e+00  5.7180152e+00  8.9501877e+00  3.0454409e+01
  2.6649275e+01  1.0081676e+01  7.2992730e+00  3.3419662e+00  4.8799554e-01
  2.0436726e+00  6.3060532e+00  2.2540184e+01  2.1449383e+01  1.4941413e+01
  1.3269238e+01  6.6240535e+00  4.7682071e+00  1.0005324e+01  8.3606529e+00
  1.1885057e+01  1.3745001e+01  2.8764290e+01  3.2513771e+01  1.5506766e+01
  3.9725845e+00  6.0121999e+00  6.0008459e+00  6.3530912e+00  6.8454719e+00
  8.5020218e+00  1.1552061e+01  1.4110941e+01  1.7292772e+01  1.4308545e+01
  6.1449614e+00  5.4499516e+00  4.8076777e+00  4.3809557e+00  3.9254231e+00
  3.9381104e+00  4.0623217e+00  1.4997718e+01  3.9346082e+00  6.7019396e+00
  3.6361063e+00  2.9737389e+00  1.5161461e+00  1.1142699e+00  5.9957948e+00
  8.9487658e+00  6.2737828e-01  7.1222268e-02  3.5830513e-02  1.6266973e-01
  1.8191890e-01  5.8695346e-01  3.1487586e+00  8.1772966e+00  5.1741540e-01
  1.5190687e+00  6.0108036e-01  1.1023256e-02
                                    GOES_Hghcld(%)
  7.1703690e+01  5.8723141e+01  2.4080542e+01  8.1815813e-03  2.5754885e-03
  1.1286498e-02  1.5874201e-01  1.3267484e+00  1.6569768e-03  0.0000000e+00
  1.0039509e-01  1.4334033e-01  1.4349130e-01  1.5529750e-01  1.9510786e-01
  3.2372650e+01  3.2367672e+01  3.2798824e+01  2.4848837e+01  1.0315167e+01
  5.3743124e+00  6.6683269e-01  1.3734492e+00  1.6743023e+00  7.7781739e+00
  2.4909077e+01  2.6744740e+01  9.4252777e+00  4.1888710e+01  7.0229065e+01
  7.9923271e+01  9.2060616e+01  9.4773514e+01  8.6439507e+01  5.5424545e+01
  5.2189175e+01  8.2186798e+01  4.4292576e+01  1.9878843e+01  1.8256042e+01
  6.5694041e+00  1.1333602e+01  1.1322644e+01  1.2525437e+01  1.4630313e+01
  1.8423683e+01  2.3556250e+01  2.6903633e+01  3.0551619e+01  2.2168030e+01
  7.7768893e+00  7.0143929e+00  6.5786729e+00  6.2818584e+00  5.8872633e+00
  5.9067397e+00  5.8235054e+00  2.2440781e+01  9.9213991e+00  1.8917586e+00
  1.5929845e-01  0.0000000e+00  3.7976254e-03  1.2417196e-01  6.3551230e+00
  9.8973780e+00  6.1490393e-01  0.0000000e+00  0.0000000e+00  0.0000000e+00
  0.0000000e+00  1.4858055e-01  3.6866775e+00  9.6419058e+00  6.3613796e-01
  9.3983781e-01  6.5593883e-02  0.0000000e+00
                                    GOES_Totcld(%)
  9.5809959e+01  9.7456512e+01  4.5368092e+01  2.3255668e+00  2.4691381e-01
  1.1286498e-02  1.8276413e-01  1.6016560e+00  1.5046686e-01  1.2279841e+00
  9.0424460e-01  1.0231932e+00  1.0228615e+00  1.0588235e+00  1.1309565e+00
  4.7339428e+01  4.7332592e+01  4.7579582e+01  3.8893326e+01  4.0774899e+01
  3.2023884e+01  1.0748415e+01  8.7184429e+00  5.4696951e+00  9.2766380e+00
  2.8154339e+01  3.3450813e+01  3.1985352e+01  6.3338009e+01  8.5170525e+01
  9.3194275e+01  9.8690750e+01  9.9566147e+01  9.6731728e+01  6.4873795e+01
  6.4074013e+01  9.5931847e+01  7.3056946e+01  5.2409935e+01  3.4023090e+01
  1.3725357e+01  2.0419626e+01  2.0400616e+01  2.1983706e+01  2.4752617e+01
  3.0773745e+01  3.9613785e+01  4.6527229e+01  5.4219658e+01  4.4326965e+01
  2.1627684e+01  1.9475334e+01  1.7859194e+01  1.7022289e+01  1.6079624e+01
  1.6126947e+01  1.6356443e+01  5.7167751e+01  1.9027500e+01  8.5957823e+00
  3.7954786e+00  2.9737389e+00  1.5616280e+00  2.0867386e+00  2.4180164e+01
  4.2105762e+01  5.9347539e+00  7.3414274e-02  3.5830513e-02  1.6266973e-01
  2.0789020e-01  1.4629356e+00  1.4920288e+01  3.9188782e+01  8.4684763e+00
  2.4588974e+00  6.6665339e-01  1.1023256e-02
                                 Cld_Thickness(km)
  1.7789278e+00  1.6141859e+00  7.1783423e-01  0.0000000e+00  8.5310353e-04
  1.7177878e-02  2.1539427e-02  4.7448065e-02  3.0582031e-02  3.9905582e-02
  5.0677650e-02  5.1752660e-02  5.1768314e-02  5.1843677e-02  5.2680455e-02
  7.9278988e-01  7.9262447e-01  8.0974525e-01  5.9766734e-01  0.0000000e+00
  8.1148476e-04  4.4107422e-02  4.6952840e-02  1.1960524e-01  2.0113350e-01
  4.5809057e-01  5.3159034e-01  0.0000000e+00  1.8770208e-03  1.0722921e+00
  1.1128446e+00  3.2565393e+00  2.8134921e+00  2.1972930e+00  1.2386960e+00
  0.0000000e+00  1.8451739e-03  2.2765373e-01  2.1771866e-01  3.7596512e-01
  2.4469894e-01  3.3373603e-01  3.3363020e-01  3.5386562e-01  3.8811040e-01
  4.5283154e-01  5.4312307e-01  6.0306895e-01  6.7574388e-01  4.7912306e-01
  1.7251469e-01  1.6239113e-01  1.5870795e-01  1.5930432e-01  1.6060857e-01
  1.6094090e-01  1.6250958e-01  4.4559804e-01  2.8822225e-01  0.0000000e+00
  3.8531513e-04  2.9125191e-02  2.8435152e-02  5.6962091e-02  1.5757088e-01
  2.4509294e-01  8.5812323e-02  3.9551698e-02  1.8257018e-02  1.8413594e-02
  1.6503228e-02  5.6230020e-02  1.6002099e-01  2.4064323e-01  1.3305259e-01
  0.0000000e+00  1.5646980e-04  0.0000000e+00
                                    Cld_Top_ht(km)
  8.0064955e+00  6.6282563e+00  4.6187782e+00  7.9520392e-01  1.5876798e-01
  1.2750195e-01  1.1422203e-01  4.3553731e-01  1.2994190e-01  2.0322618e-01
  2.9174107e-01  3.5494852e-01  3.5513568e-01  3.6202532e-01  3.8674572e-01
  6.2789383e+00  6.2789087e+00  6.2818584e+00  5.9492946e+00  3.5777457e+00
  3.5178366e+00  2.1769772e+00  1.8555098e+00  1.5090407e+00  2.2189875e+00
  4.3262057e+00  5.5683331e+00  3.0349944e+00  5.8805666e+00  7.9409213e+00
  8.4545078e+00  1.0419909e+01  1.1190564e+01  1.0410846e+01  8.7191372e+00
  7.5883241e+00  8.7209044e+00  5.9676270e+00  4.4582081e+00  3.7562270e+00
  3.6969161e+00  4.1733670e+00  4.1736999e+00  4.2858491e+00  4.4696898e+00
  4.7382889e+00  5.0663805e+00  5.2593484e+00  5.4900770e+00  4.0722280e+00
  2.1010821e+00  1.9767278e+00  1.9193287e+00  1.9126225e+00  1.9471079e+00
  1.9503900e+00  1.9997443e+00  4.7507172e+00  3.4839945e+00  1.3604709e+00
  7.9852694e-01  5.8404416e-01  6.0527569e-01  6.3477427e-01  1.7666117e+00
  2.7958927e+00  1.0632610e+00  7.5606830e-02  4.5868117e-02  1.2558125e-01
  1.5750763e-01  7.6191276e-01  1.8209331e+00  2.7331607e+00  1.2575561e+00
  4.6285903e-01  2.3033193e-01  1.4325581e-02
                                MWR_Cld_liquid(cm)
  8.6838059e-04  1.2294403e-03  1.3984323e-03  0.0000000e+00  0.0000000e+00
  0.0000000e+00  0.0000000e+00  0.0000000e+00  0.0000000e+00  0.0000000e+00
  0.0000000e+00  7.8053394e-04  0.0000000e+00  0.0000000e+00  1.4189024e-04
  0.0000000e+00  0.0000000e+00  2.0936697e-03  0.0000000e+00  0.0000000e+00
  0.0000000e+00  2.3879514e-04  2.6231442e-04  8.3451887e-05  6.0380160e-05
  0.0000000e+00  0.0000000e+00  0.0000000e+00  7.0567112e-03  2.5770778e-02
  1.6874911e-02  3.0662122e-03  3.2306022e-03  8.1945844e-03  1.1753414e-02
  2.0903651e-02  0.0000000e+00  3.0234768e-03  3.4985093e-03  1.3446273e-05
  4.4156276e-04  1.3246171e-03  1.0802717e-03  0.0000000e+00  0.0000000e+00
  0.0000000e+00  1.1561041e-04  0.0000000e+00  3.7261788e-04  2.1631964e-03
  3.1675081e-04  0.0000000e+00  0.0000000e+00  0.0000000e+00  0.0000000e+00
  0.0000000e+00  9.2698331e-04  5.6399708e-03  1.9458365e-03  0.0000000e+00
  0.0000000e+00  0.0000000e+00  3.1676698e-03  1.0139295e-04  1.3759498e-04
  9.7293832e-04  1.2904399e-03  0.0000000e+00  0.0000000e+00  0.0000000e+00
  0.0000000e+00  0.0000000e+00  0.0000000e+00  1.0879935e-03  7.5198070e-04
  0.0000000e+00  0.0000000e+00  0.0000000e+00
                        d(Column_H2O)/dt_(mm/hour)
  2.4258499e-01  6.7373522e-02 -2.9046097e-01 -6.6150129e-01 -6.9552642e-01
 -3.3796489e-01  1.7808731e-01  5.2753478e-01  6.4376062e-01  6.0063720e-01
  4.2003390e-01  2.5169346e-01  1.7835368e-01  1.4275706e-01  1.3897644e-01
  1.4520442e-01  1.3695613e-01  3.0527890e-01  5.4994416e-01  4.7901607e-01
  2.5093057e-03 -3.3076149e-01 -1.2185619e-01  3.0796859e-01  4.9110377e-01
  4.6494654e-01  5.3515369e-01  6.5062672e-01  3.2774609e-01 -1.3865392e-01
 -3.6090115e-01 -3.1098545e-01 -1.8443662e-01 -2.1052869e-01 -7.3762052e-02
 -3.2846849e-02 -3.0624011e-01 -5.1634461e-01 -3.7198129e-01  2.2044061e-02
  1.1180444e-01 -1.7670047e-02  1.3998615e-02  1.4201283e-01  9.8048344e-02
 -1.0368700e-01 -8.6036064e-02  1.1685320e-01  3.0743444e-01  2.7139133e-01
  1.2469673e-01  4.0263481e-02 -9.8790109e-02 -1.8396614e-01 -8.7223262e-02
  2.0037936e-01  3.3341065e-01  2.2047101e-01  2.0889287e-01  2.4966244e-01
  1.7493005e-01 -5.8786040e-03 -7.5896725e-02 -7.9436034e-02 -9.6896894e-02
 -1.2024932e-01  1.9001868e-02  1.0501362e-01  2.3737064e-02 -5.1009234e-02
 -1.2177729e-02  1.0679564e-01  1.7878941e-01  2.0528539e-01  2.5745648e-01
  2.6880878e-01  1.0746444e-01 -1.3747726e-01
                    Column_H2O_Advection_(mm/hour)
 -1.8255468e-01 -3.6437690e-01 -4.9948558e-01 -6.5452808e-01 -7.0050913e-01
 -3.5963157e-01  1.4343584e-01  2.2648154e-01  1.2299722e-01  3.5384398e-02
  1.4794189e-01  2.5039491e-01  1.5508305e-01  1.3362165e-01  1.2878080e-01
 -1.4281048e-01 -3.9124054e-01 -2.5790524e-01  2.9802918e-01  5.1139808e-01
  2.1156374e-02 -3.2642442e-01 -1.1947325e-01  3.3547498e-02 -3.0450583e-02
 -5.9154030e-02  2.8369474e-01  6.6820812e-01  3.3930832e-01 -3.7567134e-03
  4.4488821e-02  8.8180579e-02 -3.1213486e-01 -5.9558642e-01  4.0215421e-01
  6.5700495e-01 -1.6197520e-01 -4.5610735e-01 -3.5720679e-01 -2.3779044e-01
 -4.6140277e-01 -5.5874574e-01 -2.6393750e-01  1.6245291e-01  1.2858580e-01
 -1.1133628e-01 -7.3607154e-02 -1.6451724e-01 -3.0081585e-01 -3.1005314e-01
 -1.5101232e-01  6.1175928e-02 -7.4733123e-02 -1.7245169e-01 -9.5621973e-02
 -9.5385000e-02 -2.7296782e-01 -3.6484590e-01 -8.9660205e-02  2.5310200e-01
  1.9633469e-01  1.9971054e-02 -5.5548999e-02 -3.6217508e-01 -6.5771288e-01
 -6.9360822e-01 -2.4222016e-01  1.4773922e-01  5.9966434e-02 -3.7919484e-02
  2.3322025e-02  1.2506227e-03 -1.1511473e-01 -1.3589342e-01  1.0406352e-01
  2.8963727e-01  1.2451795e-01 -1.5190551e-01
                         Srf_Evaporation_(mm/hour)
  3.9329910e-01  3.8755053e-01  1.8118234e-01 -6.8424933e-04 -2.4542378e-03
  1.4945032e-03  3.5641056e-02  2.8208351e-01  4.5797628e-01  4.8958230e-01
  2.3572178e-01  1.7042501e-03  8.9426264e-03 -8.7126857e-03  1.9364787e-02
  2.8213710e-01  4.8004678e-01  5.0462461e-01  2.2833887e-01  1.8327271e-03
 -1.8076254e-03 -6.8361964e-03  1.8469285e-02  2.6202521e-01  4.7700825e-01
  4.7824305e-01  2.3864163e-01  3.4203131e-02  6.5270551e-02  5.3809531e-02
  4.3903403e-02  1.5582134e-01  3.3865106e-01  3.8113466e-01  2.0688500e-01
  3.1279933e-02  1.8940777e-02 -8.3650816e-03  1.7066967e-02  2.7429095e-01
  5.4650021e-01  4.8629329e-01  2.6532143e-01  2.6237551e-02 -4.5343066e-04
  1.1937568e-02  8.2521513e-03  2.8295499e-01  5.6086069e-01  5.1630121e-01
  2.4932513e-01  1.6113268e-02  7.2096991e-03 -9.6356068e-03  2.4792528e-02
  3.0550909e-01  5.7029337e-01  5.1428175e-01  2.5682530e-01  2.1279132e-02
 -3.3021574e-03 -9.9716019e-03  1.2895045e-02  2.8376132e-01  5.1570767e-01
  5.1380402e-01  2.5236952e-01  1.3990436e-02 -5.3163739e-03 -7.2886818e-03
  8.9640813e-03  1.4257698e-01  2.6896513e-01  2.8097320e-01  1.2830350e-01
  2.3846792e-02  1.4227341e-02  1.9733498e-02
             d(Column_Dry_Static_Energy)/dt_(W/m2)
  1.2005041e+02  8.7122688e+01  1.0709599e+02  1.4420229e+02  1.1147782e+02
  1.2390224e+02  2.5436264e+02  3.3565842e+02  4.7150433e+02  3.4546097e+02
  1.0848486e+02  9.0413643e+01 -2.3609713e+01 -9.6792999e+01  5.0797806e+01
  2.4725134e+02  3.3744553e+02  2.3515479e+02  3.3585052e+01 -4.1835411e+01
 -1.8773000e+02 -2.1644977e+02  1.9664856e+01  2.5787555e+02  3.4687094e+02
  2.3561238e+02  5.6081856e+01 -3.1007339e+01 -1.9418559e+02 -3.6051529e+02
 -1.9435052e+02  7.8899879e+01  2.4048500e+02  1.7644504e+02  4.9346077e+01
 -7.8068771e+01 -2.3301164e+02 -1.5554156e+02  4.5846344e+01  2.2131836e+02
  3.2350955e+02  2.4045784e+02  6.1540695e+01 -6.7070938e+01 -1.7346013e+02
 -1.6108498e+02  1.2362668e+01  2.3355573e+02  3.2064331e+02  2.0199083e+02
 -3.3352131e+01 -1.7237698e+02 -1.9894556e+02 -2.1639748e+02 -3.5555317e+01
  1.6540648e+02  2.1849536e+02  1.3366458e+02 -4.6099377e+01 -1.7701024e+02
 -2.9158563e+02 -2.7547833e+02 -6.0491749e+01  1.9183224e+02  3.1417465e+02
  1.7596834e+02 -4.1862263e+01 -1.3585800e+02 -1.6101761e+02 -1.8432368e+02
 -8.8499893e+01  6.7371140e+01  1.8675145e+02  1.4136723e+02 -6.2570429e+00
 -1.3697131e+02 -2.3761574e+02 -2.5031973e+02
         Column_Dry_Static_Energy_Advection_(W/m2)
 -4.4082547e+02 -5.0290732e+02 -1.2220763e+02  4.5877722e+02  3.0357758e+02
  2.1623557e+02  5.3431030e+02  1.0449726e+02 -2.3530968e+02 -3.6143552e+02
 -1.4325192e+02  3.8363531e+02  1.8723621e+02  7.1433464e+01  4.3728641e+02
  4.5846445e+02  4.0340338e+02 -3.0001944e+02 -9.0631073e+01  4.0393741e+02
  1.6093513e+02  3.5478683e+01  4.2374164e+02  1.1909299e+02 -1.8714769e+02
 -2.8233017e+02 -1.6931261e+01  4.6737094e+02  2.1274678e+02 -9.5634834e+01
  8.2811852e+01  2.9333754e+01 -1.2033704e+02 -3.1622122e+02 -4.1891330e+02
  9.1767014e+01  1.4757542e+02  1.9249501e+02  5.0970081e+02  2.5197110e+02
 -8.1907227e+01  2.1600928e+02  4.3867630e+01  4.7579868e+02  2.6454639e+02
  1.2675842e+02  4.1398334e+02  1.4611412e+02 -2.2229189e+02 -3.9764877e+02
 -1.4332030e+02  3.3319244e+02  2.6366940e+02  7.7323647e+01  3.7879086e+02
  1.6016980e+02 -2.6820209e+02 -4.6949194e+02 -2.0990569e+02  2.6821115e+02
  7.5673294e+01  3.7192093e+01  4.1557837e+02  1.4964516e+02 -1.9479504e+02
 -4.0838058e+02 -8.1039108e+01  4.7509872e+02  2.8618198e+02  1.1640777e+02
  4.6922943e+02  2.1102502e+02 -2.4469687e+02 -5.0388892e+02 -1.7559924e+02
  4.0799741e+02  2.1875786e+02  5.6988293e+01
                   Column_Radiative_Heating_(W/m2)
  2.1589664e+02  1.6656805e+02 -5.6022820e+00 -2.4323257e+02 -2.3982727e+02
 -2.4021648e+02 -2.7605460e+02  5.1931129e+00  1.2342352e+02  1.2405310e+02
 -2.0605888e+01 -2.7474918e+02 -2.7383905e+02 -2.7411359e+02 -3.2573016e+02
 -3.2291519e+02 -4.6762738e+02  1.3057707e+02 -9.6010761e+00 -2.4431773e+02
 -2.4219971e+02 -2.4764357e+02 -2.8189471e+02 -6.8649588e+00  1.3382951e+02
  1.5456906e+02 -1.2126932e+00 -2.4313904e+02 -2.0237299e+02 -1.8115875e+02
 -1.8237967e+02  7.1717873e+01  2.3288995e+02  1.9001697e+02  1.6727808e+01
 -1.9684062e+02 -1.6941620e+02 -2.0664218e+02 -2.5310956e+02  1.9013362e+00
  1.2430351e+02 -3.7894977e+02 -5.7604385e+01 -2.6087860e+02 -2.5838846e+02
 -2.5799323e+02 -2.8957623e+02  7.4556565e+00  1.4640678e+02  1.5081276e+02
 -3.5626823e+01 -2.7459329e+02 -2.7074750e+02 -2.7257083e+02 -3.1396347e+02
 -1.9732738e+01  1.2294280e+02  1.2290559e+02 -2.3496370e+01 -2.6133716e+02
 -2.5519437e+02 -2.5402473e+02 -2.9010422e+02  7.3649325e+00  1.3573732e+02
  1.3731526e+02 -2.5634991e+01 -2.6094495e+02 -2.5398553e+02 -2.5369286e+02
 -2.9113406e+02 -3.6161652e+01  7.9983025e+01  9.6597687e+01 -2.0004480e+01
 -2.5624530e+02 -2.5468547e+02 -2.5344746e+02
                      Column_Latent_heating_(W/m2)
  0.0000000e+00  9.2629395e-02  0.0000000e+00  0.0000000e+00  0.0000000e+00
  0.0000000e+00  0.0000000e+00  0.0000000e+00  0.0000000e+00  0.0000000e+00
  0.0000000e+00  0.0000000e+00  0.0000000e+00  0.0000000e+00  0.0000000e+00
  0.0000000e+00  0.0000000e+00  0.0000000e+00  0.0000000e+00  0.0000000e+00
  0.0000000e+00  0.0000000e+00  0.0000000e+00  0.0000000e+00  0.0000000e+00
  0.0000000e+00  0.0000000e+00  0.0000000e+00  7.8734946e-01  1.0087373e+02
  2.9676196e+02  3.5572110e+02  1.3009836e+02  1.5538669e+01  4.5671051e+02
  4.6266223e+02  9.8650520e+01  1.3384962e+01  7.4103904e-01  9.4945621e-01
  0.0000000e+00  4.6314798e-02  0.0000000e+00  0.0000000e+00  0.0000000e+00
  0.0000000e+00  0.0000000e+00  0.0000000e+00  0.0000000e+00  0.0000000e+00
  0.0000000e+00  0.0000000e+00  0.0000000e+00  0.0000000e+00  0.0000000e+00
  0.0000000e+00  0.0000000e+00  0.0000000e+00  0.0000000e+00  0.0000000e+00
  0.0000000e+00  0.0000000e+00  2.5473174e-01  0.0000000e+00  0.0000000e+00
  0.0000000e+00  0.0000000e+00  0.0000000e+00  0.0000000e+00  0.0000000e+00
  0.0000000e+00  0.0000000e+00  0.0000000e+00  0.0000000e+00  0.0000000e+00
  0.0000000e+00  0.0000000e+00  0.0000000e+00
                             omega_surface_(mb/hr)
 -2.9542980e-01 -4.0662670e-01 -2.3265609e-01  7.2135255e-02 -6.4778671e-02
 -1.8460931e-01  9.1796787e-03 -1.5441422e-01 -4.7955751e-01 -5.3371233e-01
 -2.7679700e-01  2.9036466e-03 -9.5507897e-02 -1.3501303e-01  6.8164133e-02
 -3.5638094e-02 -2.9993504e-01 -3.5506499e-01 -1.2654936e-01  2.0916666e-01
  9.8489404e-02 -1.8476561e-02  1.3606755e-01 -7.5507671e-02 -2.7645832e-01
 -2.9378888e-01 -8.3515525e-02  2.8312483e-01  2.4093735e-01  1.9994798e-01
  4.2732900e-01  4.4057313e-01  9.6145771e-02 -2.4539074e-01  2.7499985e-02
  4.6640512e-01  3.1889310e-01  1.7552082e-01  2.3960942e-01  1.1381504e-01
 -1.7496093e-01 -3.5472631e-01 -6.9973998e-02  3.1592464e-01  1.9923180e-01
  2.7135402e-02  1.3651031e-01  7.0573054e-03 -3.1033844e-01 -4.1763055e-01
 -1.4917973e-01  2.4078141e-01  2.0677081e-01  1.2539077e-02  1.1259118e-01
  5.2669160e-02 -2.8761703e-01 -4.6621111e-01 -2.0972657e-01  1.8122384e-01
  1.1751309e-01  6.9518186e-02  2.1772136e-01  3.7799343e-02 -2.8639317e-01
 -3.9488199e-01 -4.8112042e-02  3.8272098e-01  2.0705727e-01  3.9765500e-02
  3.0837223e-01  2.3381503e-01 -1.6412750e-01 -3.9408821e-01 -1.5152337e-01
  2.9759106e-01  2.0078130e-01  3.2682300e-02
                                 qs_surface_(kg/kg)
  1.1041709e-02  1.0897389e-02  1.0864858e-02  1.1709307e-02  1.1249967e-02
  1.0708474e-02  1.0570547e-02  1.2038724e-02  1.2831059e-02  1.3894424e-02
  1.3337527e-02  1.3662682e-02  1.3366924e-02  1.3126818e-02  1.3182552e-02
  1.5512069e-02  1.6871754e-02  1.6162496e-02  1.5556020e-02  1.6030561e-02
  1.6359774e-02  1.5569169e-02  1.5204768e-02  1.5652208e-02  1.5741395e-02
  1.5262875e-02  1.5041267e-02  1.3855136e-02  1.3327031e-02  1.3335236e-02
  1.3787982e-02  1.4656440e-02  1.5510299e-02  1.6165994e-02  1.6006071e-02
  1.5761223e-02  1.5688760e-02  1.4954891e-02  1.4638103e-02  1.5656993e-02
  1.6182682e-02  1.5447165e-02  1.4576820e-02  1.5037608e-02  1.4798025e-02
  1.4790786e-02  1.4846762e-02  1.6063495e-02  1.6103102e-02  1.5264564e-02
  1.4965387e-02  1.5284589e-02  1.4818976e-02  1.4685191e-02  1.4269158e-02
  1.5257848e-02  1.5496867e-02  1.5288892e-02  1.5107578e-02  1.5119639e-02
  1.5096237e-02  1.4943995e-02  1.4722105e-02  1.5740713e-02  1.5932282e-02
  1.5256600e-02  1.4727575e-02  1.5073397e-02  1.4631065e-02  1.4296622e-02
  1.4130508e-02  1.5521357e-02  1.5972856e-02  1.5283464e-02  1.5054257e-02
  1.5124908e-02  1.5268102e-02  1.4949906e-02
                                     s_surface_(K)
  3.0181299e+02  3.0273700e+02  3.0199899e+02  2.9748999e+02  2.9445300e+02
  2.9288000e+02  2.9231400e+02  2.9864200e+02  3.0399301e+02  3.0661401e+02
  3.0664200e+02  3.0151599e+02  2.9844101e+02  2.9705701e+02  2.9621100e+02
  3.0220001e+02  3.0801001e+02  3.1028299e+02  3.0944299e+02  3.0504700e+02
  3.0257501e+02  3.0088300e+02  2.9964200e+02  3.0322299e+02  3.0737201e+02
  3.0926700e+02  3.0873700e+02  3.0483301e+02  3.0278299e+02  3.0188501e+02
  3.0026501e+02  3.0148099e+02  3.0488000e+02  3.0639301e+02  3.0623199e+02
  3.0217401e+02  3.0066501e+02  2.9956601e+02  2.9870999e+02  3.0278400e+02
  3.0734900e+02  3.0912900e+02  3.0881900e+02  3.0382300e+02  3.0157101e+02
  3.0026801e+02  2.9922601e+02  3.0388800e+02  3.0851700e+02  3.1041000e+02
  3.0963199e+02  3.0459000e+02  3.0216299e+02  3.0022198e+02  2.9962701e+02
  3.0434201e+02  3.0924899e+02  3.1082999e+02  3.1010501e+02  3.0508401e+02
  3.0229001e+02  3.0054999e+02  2.9961099e+02  3.0450699e+02  3.0888901e+02
  3.1034500e+02  3.0982199e+02  3.0493500e+02  3.0222699e+02  3.0026700e+02
  2.9917801e+02  3.0409201e+02  3.0868600e+02  3.1032999e+02  3.0967099e+02
  3.0487201e+02  3.0191501e+02  3.0000000e+02
                             MWR_precip_water_(cm)
  2.8420553e+00  2.9835896e+00  3.0641391e+00  2.5511861e+00  2.3207567e+00
  2.1395879e+00  2.1449072e+00  2.1776388e+00  2.2643549e+00  2.5330164e+00
  2.8584924e+00  2.9745860e+00  2.9150784e+00  2.8996232e+00  2.8567212e+00
  2.8167284e+00  2.9289043e+00  3.1600554e+00  3.2880161e+00  3.4869459e+00
  3.4122605e+00  3.3103652e+00  3.2618842e+00  3.3085661e+00  3.6083350e+00
  3.9027317e+00  4.1090083e+00  4.2151971e+00  4.2765312e+00  4.3688297e+00
  4.4612212e+00  4.2705302e+00  4.1989512e+00  4.1457186e+00  4.0415955e+00
  4.0456190e+00  4.0025735e+00  3.8396635e+00  3.6331077e+00  3.5026214e+00
  3.5047402e+00  3.6036844e+00  3.6377645e+00  3.5596948e+00  3.6083527e+00
  3.5836296e+00  3.4580717e+00  3.4987569e+00  3.6280298e+00  3.7517061e+00
  3.8983924e+00  3.9014130e+00  3.8239331e+00  3.6757753e+00  3.5323637e+00
  3.5691957e+00  3.7557495e+00  4.0019832e+00  4.1380811e+00  4.0136538e+00
  3.9847686e+00  4.0172043e+00  4.1491799e+00  4.1291180e+00  4.0612397e+00
  4.0570545e+00  4.1180897e+00  4.1203065e+00  4.0411129e+00  3.9976916e+00
  4.0010509e+00  4.0889583e+00  4.2233520e+00  4.1948905e+00  4.3319974e+00
  4.3627758e+00  4.3462477e+00  4.4313736e+00
                             Siros_Srf_LWUP_(W/m2)
  4.3724765e+02  4.4272482e+02  4.2464734e+02  3.8864871e+02  3.7566492e+02
  3.6920856e+02  3.7421036e+02  4.1935349e+02  4.5947473e+02  4.6729620e+02
  4.4442273e+02  4.1160907e+02  3.9852835e+02  3.9196756e+02  3.9654141e+02
  4.4097925e+02  4.8639511e+02  4.8896021e+02  4.6066479e+02  4.3229956e+02
  4.2109326e+02  4.1324374e+02  4.2458826e+02  4.5781290e+02  4.8497198e+02
  4.7528989e+02  4.5487064e+02  4.2915143e+02  4.2159207e+02  4.1566324e+02
  4.1008084e+02  4.2169269e+02  4.4933929e+02  4.5940961e+02  4.4524432e+02
  4.2304541e+02  4.1695239e+02  4.1074405e+02  4.1084097e+02  4.4373825e+02
  4.7702356e+02  4.7939993e+02  4.5840643e+02  4.2786169e+02  4.1787204e+02
  4.1905661e+02  4.1435678e+02  4.5098779e+02  4.8364706e+02  4.8670584e+02
  4.6568024e+02  4.3451123e+02  4.2092923e+02  4.1096857e+02  4.1370667e+02
  4.5466006e+02  4.8974115e+02  4.9090442e+02  4.6812091e+02  4.3653741e+02
  4.2246793e+02  4.1410306e+02  4.1610596e+02  4.5420529e+02  4.8653683e+02
  4.9024973e+02  4.6751132e+02  4.3425183e+02  4.2108777e+02  4.1227509e+02
  4.1347101e+02  4.5350436e+02  4.8932141e+02  4.9341553e+02  4.6798437e+02
  4.3434167e+02  4.2107608e+02  4.1357535e+02
                             Siros_Srf_LWDN_(W/m2)
  3.8518759e+02  3.8598996e+02  3.7213766e+02  3.4989584e+02  3.3739160e+02
  3.3289777e+02  3.3411432e+02  3.5019592e+02  3.7216708e+02  3.8934598e+02
  3.9220312e+02  3.7712570e+02  3.6723895e+02  3.6316687e+02  3.6461588e+02
  3.8466742e+02  4.0904745e+02  4.2362695e+02  4.2288745e+02  4.0760120e+02
  3.9560184e+02  3.8560721e+02  3.8044568e+02  3.9191092e+02  4.0839816e+02
  4.1982245e+02  4.1722403e+02  4.0259665e+02  4.0294919e+02  4.0754639e+02
  4.0495880e+02  4.0784543e+02  4.1390088e+02  4.2042365e+02  4.1530252e+02
  4.1063867e+02  4.0682019e+02  3.9461859e+02  3.8628571e+02  3.9225021e+02
  4.1111069e+02  4.2278525e+02  4.1536700e+02  3.9986841e+02  3.9180020e+02
  3.8670322e+02  3.8179687e+02  3.9563074e+02  4.1648840e+02  4.2835947e+02
  4.2332205e+02  4.0389474e+02  3.9184015e+02  3.8332541e+02  3.8126703e+02
  3.9943741e+02  4.2148215e+02  4.3359085e+02  4.2724533e+02  4.0775604e+02
  3.9575128e+02  3.8950241e+02  3.8823157e+02  4.0270807e+02  4.2070166e+02
  4.3008981e+02  4.2456317e+02  4.0438672e+02  3.9278815e+02  3.8460712e+02
  3.8173416e+02  3.9816443e+02  4.1758286e+02  4.2800345e+02  4.2436801e+02
  4.0600439e+02  3.9566306e+02  3.8921771e+02
                             Siros_Srf_SWUP_(W/m2)
  1.2339495e+02  1.1395894e+02  6.3159573e+01  3.3609962e-01 -5.0637370e-01
 -3.5788789e-01  2.1391268e+01  1.2153815e+02  1.6738963e+02  1.5045384e+02
  6.9749825e+01  4.2514676e-01 -3.5388827e-01 -2.1940476e-01  1.9479715e+01
  1.1821314e+02  1.6396925e+02  1.4251851e+02  6.1476810e+01  2.9878303e-01
 -3.2300183e-01 -2.6799715e-01  1.8423841e+01  1.1732018e+02  1.6759081e+02
  1.4528625e+02  6.1498329e+01  3.5890538e-01 -2.7578694e-01 -2.7683279e-01
  8.5803404e+00  5.4004372e+01  1.0964242e+02  1.1331396e+02  5.1502987e+01
 -5.4775281e-03 -9.3001038e-02 -2.0854588e-01  1.4268556e+01  1.1402804e+02
  1.6395639e+02  1.3787627e+02  6.4088402e+01  5.0384831e-02 -3.7294716e-01
 -3.0611295e-01  2.2266151e+01  1.1803622e+02  1.6389444e+02  1.4241885e+02
  6.9287979e+01  4.7821990e-01 -4.0337071e-01 -3.8920811e-01  1.9150629e+01
  1.1757973e+02  1.6286392e+02  1.4251559e+02  6.6566971e+01  2.8832206e-01
 -4.2390159e-01 -3.3793643e-01  1.8037262e+01  1.1722596e+02  1.6109148e+02
  1.4262770e+02  6.8536270e+01  1.3327427e-01 -4.2557192e-01 -3.4359759e-01
  1.7807276e+01  1.1453350e+02  1.6450148e+02  1.4827269e+02  6.8350182e+01
  1.7615537e-01 -3.8256255e-01 -2.8732562e-01
                             Siros_Srf_SWDN_(W/m2)
  6.2698755e+02  5.9507410e+02  2.7239822e+02 -1.8516155e+00 -5.4365964e+00
 -4.8327823e+00  7.0562492e+01  5.6214429e+02  9.3193048e+02  8.1098975e+02
  2.9655508e+02 -3.2009561e+00 -6.1222334e+00 -5.4473124e+00  6.5285072e+01
  5.4449908e+02  9.0332910e+02  7.4524561e+02  2.6842450e+02 -3.6202993e+00
 -6.7015843e+00 -6.5601416e+00  6.1828159e+01  5.3663611e+02  9.0300446e+02
  7.6244592e+02  2.6681836e+02 -3.9000759e+00 -6.7405000e+00 -6.1954241e+00
  2.9740187e+01  2.3462663e+02  5.2928021e+02  5.4915759e+02  2.1268877e+02
 -4.1188846e+00 -5.4865832e+00 -5.3946857e+00  4.7712074e+01  5.2646851e+02
  8.9252606e+02  7.2027386e+02  2.6623163e+02 -3.9372768e+00 -6.0091839e+00
 -5.7025013e+00  6.2887951e+01  5.4240985e+02  8.9197620e+02  7.4430066e+02
  2.9242780e+02 -3.3514476e+00 -6.2437177e+00 -5.7366366e+00  6.2495026e+01
  5.4094043e+02  8.9074146e+02  7.3487506e+02  2.8552423e+02 -3.7578926e+00
 -6.0741415e+00 -5.6586227e+00  5.8128590e+01  5.3260144e+02  8.7097223e+02
  7.3494714e+02  2.8478287e+02 -4.1824040e+00 -6.1556048e+00 -5.8342409e+00
  5.6709278e+01  5.2083783e+02  8.8938287e+02  7.7024866e+02  2.8465656e+02
 -4.2734036e+00 -5.9408865e+00 -5.5038724e+00
