Number of Single-Level Fields:
      43
Length of each field:
      102.000
                                            Calday
  2.6972900e+02  2.6985400e+02  2.6997900e+02  2.7010400e+02  2.7022900e+02
  2.7035400e+02  2.7047900e+02  2.7060400e+02  2.7072900e+02  2.7085400e+02
  2.7097900e+02  2.7110400e+02  2.7122900e+02  2.7135400e+02  2.7147900e+02
  2.7160400e+02  2.7172900e+02  2.7185400e+02  2.7197900e+02  2.7210400e+02
  2.7222900e+02  2.7235400e+02  2.7247900e+02  2.7260400e+02  2.7272900e+02
  2.7285400e+02  2.7297900e+02  2.7310400e+02  2.7322900e+02  2.7335400e+02
  2.7347900e+02  2.7360400e+02  2.7372900e+02  2.7385400e+02  2.7397900e+02
  2.7410400e+02  2.7422900e+02  2.7435400e+02  2.7447900e+02  2.7460400e+02
  2.7472900e+02  2.7485400e+02  2.7497900e+02  2.7510400e+02  2.7522900e+02
  2.7535400e+02  2.7547900e+02  2.7560400e+02  2.7572900e+02  2.7585400e+02
  2.7597900e+02  2.7610400e+02  2.7622900e+02  2.7635400e+02  2.7647900e+02
  2.7660400e+02  2.7672900e+02  2.7685400e+02  2.7697900e+02  2.7710400e+02
  2.7722900e+02  2.7735400e+02  2.7747900e+02  2.7760400e+02  2.7772900e+02
  2.7785400e+02  2.7797900e+02  2.7810400e+02  2.7822900e+02  2.7835400e+02
  2.7847900e+02  2.7860400e+02  2.7872900e+02  2.7885400e+02  2.7897900e+02
  2.7910400e+02  2.7922900e+02  2.7935400e+02  2.7947900e+02  2.7960400e+02
  2.7972900e+02  2.7985400e+02  2.7997900e+02  2.8010400e+02  2.8022900e+02
  2.8035400e+02  2.8047900e+02  2.8060400e+02  2.8072900e+02  2.8085400e+02
  2.8097900e+02  2.8110400e+02  2.8122900e+02  2.8135400e+02  2.8147900e+02
  2.8160400e+02  2.8172900e+02  2.8185400e+02  2.8197900e+02  2.8210400e+02
  2.8222900e+02  2.8235400e+02
                                              Year
  2.0000000e+03  2.0000000e+03  2.0000000e+03  2.0000000e+03  2.0000000e+03
  2.0000000e+03  2.0000000e+03  2.0000000e+03  2.0000000e+03  2.0000000e+03
  2.0000000e+03  2.0000000e+03  2.0000000e+03  2.0000000e+03  2.0000000e+03
  2.0000000e+03  2.0000000e+03  2.0000000e+03  2.0000000e+03  2.0000000e+03
  2.0000000e+03  2.0000000e+03  2.0000000e+03  2.0000000e+03  2.0000000e+03
  2.0000000e+03  2.0000000e+03  2.0000000e+03  2.0000000e+03  2.0000000e+03
  2.0000000e+03  2.0000000e+03  2.0000000e+03  2.0000000e+03  2.0000000e+03
  2.0000000e+03  2.0000000e+03  2.0000000e+03  2.0000000e+03  2.0000000e+03
  2.0000000e+03  2.0000000e+03  2.0000000e+03  2.0000000e+03  2.0000000e+03
  2.0000000e+03  2.0000000e+03  2.0000000e+03  2.0000000e+03  2.0000000e+03
  2.0000000e+03  2.0000000e+03  2.0000000e+03  2.0000000e+03  2.0000000e+03
  2.0000000e+03  2.0000000e+03  2.0000000e+03  2.0000000e+03  2.0000000e+03
  2.0000000e+03  2.0000000e+03  2.0000000e+03  2.0000000e+03  2.0000000e+03
  2.0000000e+03  2.0000000e+03  2.0000000e+03  2.0000000e+03  2.0000000e+03
  2.0000000e+03  2.0000000e+03  2.0000000e+03  2.0000000e+03  2.0000000e+03
  2.0000000e+03  2.0000000e+03  2.0000000e+03  2.0000000e+03  2.0000000e+03
  2.0000000e+03  2.0000000e+03  2.0000000e+03  2.0000000e+03  2.0000000e+03
  2.0000000e+03  2.0000000e+03  2.0000000e+03  2.0000000e+03  2.0000000e+03
  2.0000000e+03  2.0000000e+03  2.0000000e+03  2.0000000e+03  2.0000000e+03
  2.0000000e+03  2.0000000e+03  2.0000000e+03  2.0000000e+03  2.0000000e+03
  2.0000000e+03  2.0000000e+03
                                             Month
  9.0000000e+00  9.0000000e+00  9.0000000e+00  9.0000000e+00  9.0000000e+00
  9.0000000e+00  9.0000000e+00  9.0000000e+00  9.0000000e+00  9.0000000e+00
  9.0000000e+00  9.0000000e+00  9.0000000e+00  9.0000000e+00  9.0000000e+00
  9.0000000e+00  9.0000000e+00  9.0000000e+00  9.0000000e+00  9.0000000e+00
  9.0000000e+00  9.0000000e+00  9.0000000e+00  9.0000000e+00  9.0000000e+00
  9.0000000e+00  9.0000000e+00  9.0000000e+00  9.0000000e+00  9.0000000e+00
  9.0000000e+00  9.0000000e+00  9.0000000e+00  9.0000000e+00  9.0000000e+00
  9.0000000e+00  9.0000000e+00  9.0000000e+00  9.0000000e+00  9.0000000e+00
  9.0000000e+00  9.0000000e+00  9.0000000e+00  1.0000000e+01  1.0000000e+01
  1.0000000e+01  1.0000000e+01  1.0000000e+01  1.0000000e+01  1.0000000e+01
  1.0000000e+01  1.0000000e+01  1.0000000e+01  1.0000000e+01  1.0000000e+01
  1.0000000e+01  1.0000000e+01  1.0000000e+01  1.0000000e+01  1.0000000e+01
  1.0000000e+01  1.0000000e+01  1.0000000e+01  1.0000000e+01  1.0000000e+01
  1.0000000e+01  1.0000000e+01  1.0000000e+01  1.0000000e+01  1.0000000e+01
  1.0000000e+01  1.0000000e+01  1.0000000e+01  1.0000000e+01  1.0000000e+01
  1.0000000e+01  1.0000000e+01  1.0000000e+01  1.0000000e+01  1.0000000e+01
  1.0000000e+01  1.0000000e+01  1.0000000e+01  1.0000000e+01  1.0000000e+01
  1.0000000e+01  1.0000000e+01  1.0000000e+01  1.0000000e+01  1.0000000e+01
  1.0000000e+01  1.0000000e+01  1.0000000e+01  1.0000000e+01  1.0000000e+01
  1.0000000e+01  1.0000000e+01  1.0000000e+01  1.0000000e+01  1.0000000e+01
  1.0000000e+01  1.0000000e+01
                                               Day
  2.5000000e+01  2.5000000e+01  2.5000000e+01  2.6000000e+01  2.6000000e+01
  2.6000000e+01  2.6000000e+01  2.6000000e+01  2.6000000e+01  2.6000000e+01
  2.6000000e+01  2.7000000e+01  2.7000000e+01  2.7000000e+01  2.7000000e+01
  2.7000000e+01  2.7000000e+01  2.7000000e+01  2.7000000e+01  2.8000000e+01
  2.8000000e+01  2.8000000e+01  2.8000000e+01  2.8000000e+01  2.8000000e+01
  2.8000000e+01  2.8000000e+01  2.9000000e+01  2.9000000e+01  2.9000000e+01
  2.9000000e+01  2.9000000e+01  2.9000000e+01  2.9000000e+01  2.9000000e+01
  3.0000000e+01  3.0000000e+01  3.0000000e+01  3.0000000e+01  3.0000000e+01
  3.0000000e+01  3.0000000e+01  3.0000000e+01  1.0000000e+00  1.0000000e+00
  1.0000000e+00  1.0000000e+00  1.0000000e+00  1.0000000e+00  1.0000000e+00
  1.0000000e+00  2.0000000e+00  2.0000000e+00  2.0000000e+00  2.0000000e+00
  2.0000000e+00  2.0000000e+00  2.0000000e+00  2.0000000e+00  3.0000000e+00
  3.0000000e+00  3.0000000e+00  3.0000000e+00  3.0000000e+00  3.0000000e+00
  3.0000000e+00  3.0000000e+00  4.0000000e+00  4.0000000e+00  4.0000000e+00
  4.0000000e+00  4.0000000e+00  4.0000000e+00  4.0000000e+00  4.0000000e+00
  5.0000000e+00  5.0000000e+00  5.0000000e+00  5.0000000e+00  5.0000000e+00
  5.0000000e+00  5.0000000e+00  5.0000000e+00  6.0000000e+00  6.0000000e+00
  6.0000000e+00  6.0000000e+00  6.0000000e+00  6.0000000e+00  6.0000000e+00
  6.0000000e+00  7.0000000e+00  7.0000000e+00  7.0000000e+00  7.0000000e+00
  7.0000000e+00  7.0000000e+00  7.0000000e+00  7.0000000e+00  8.0000000e+00
  8.0000000e+00  8.0000000e+00
                                              Hour
  1.7000000e+01  2.0000000e+01  2.3000000e+01  2.0000000e+00  5.0000000e+00
  8.0000000e+00  1.1000000e+01  1.4000000e+01  1.7000000e+01  2.0000000e+01
  2.3000000e+01  2.0000000e+00  5.0000000e+00  8.0000000e+00  1.1000000e+01
  1.4000000e+01  1.7000000e+01  2.0000000e+01  2.3000000e+01  2.0000000e+00
  5.0000000e+00  8.0000000e+00  1.1000000e+01  1.4000000e+01  1.7000000e+01
  2.0000000e+01  2.3000000e+01  2.0000000e+00  5.0000000e+00  8.0000000e+00
  1.1000000e+01  1.4000000e+01  1.7000000e+01  2.0000000e+01  2.3000000e+01
  2.0000000e+00  5.0000000e+00  8.0000000e+00  1.1000000e+01  1.4000000e+01
  1.7000000e+01  2.0000000e+01  2.3000000e+01  2.0000000e+00  5.0000000e+00
  8.0000000e+00  1.1000000e+01  1.4000000e+01  1.7000000e+01  2.0000000e+01
  2.3000000e+01  2.0000000e+00  5.0000000e+00  8.0000000e+00  1.1000000e+01
  1.4000000e+01  1.7000000e+01  2.0000000e+01  2.3000000e+01  2.0000000e+00
  5.0000000e+00  8.0000000e+00  1.1000000e+01  1.4000000e+01  1.7000000e+01
  2.0000000e+01  2.3000000e+01  2.0000000e+00  5.0000000e+00  8.0000000e+00
  1.1000000e+01  1.4000000e+01  1.7000000e+01  2.0000000e+01  2.3000000e+01
  2.0000000e+00  5.0000000e+00  8.0000000e+00  1.1000000e+01  1.4000000e+01
  1.7000000e+01  2.0000000e+01  2.3000000e+01  2.0000000e+00  5.0000000e+00
  8.0000000e+00  1.1000000e+01  1.4000000e+01  1.7000000e+01  2.0000000e+01
  2.3000000e+01  2.0000000e+00  5.0000000e+00  8.0000000e+00  1.1000000e+01
  1.4000000e+01  1.7000000e+01  2.0000000e+01  2.3000000e+01  2.0000000e+00
  5.0000000e+00  8.0000000e+00
                                            Minute
  3.0000000e+01  3.0000000e+01  3.0000000e+01  3.0000000e+01  3.0000000e+01
  3.0000000e+01  3.0000000e+01  3.0000000e+01  3.0000000e+01  3.0000000e+01
  3.0000000e+01  3.0000000e+01  3.0000000e+01  3.0000000e+01  3.0000000e+01
  3.0000000e+01  3.0000000e+01  3.0000000e+01  3.0000000e+01  3.0000000e+01
  3.0000000e+01  3.0000000e+01  3.0000000e+01  3.0000000e+01  3.0000000e+01
  3.0000000e+01  3.0000000e+01  3.0000000e+01  3.0000000e+01  3.0000000e+01
  3.0000000e+01  3.0000000e+01  3.0000000e+01  3.0000000e+01  3.0000000e+01
  3.0000000e+01  3.0000000e+01  3.0000000e+01  3.0000000e+01  3.0000000e+01
  3.0000000e+01  3.0000000e+01  3.0000000e+01  3.0000000e+01  3.0000000e+01
  3.0000000e+01  3.0000000e+01  3.0000000e+01  3.0000000e+01  3.0000000e+01
  3.0000000e+01  3.0000000e+01  3.0000000e+01  3.0000000e+01  3.0000000e+01
  3.0000000e+01  3.0000000e+01  3.0000000e+01  3.0000000e+01  3.0000000e+01
  3.0000000e+01  3.0000000e+01  3.0000000e+01  3.0000000e+01  3.0000000e+01
  3.0000000e+01  3.0000000e+01  3.0000000e+01  3.0000000e+01  3.0000000e+01
  3.0000000e+01  3.0000000e+01  3.0000000e+01  3.0000000e+01  3.0000000e+01
  3.0000000e+01  3.0000000e+01  3.0000000e+01  3.0000000e+01  3.0000000e+01
  3.0000000e+01  3.0000000e+01  3.0000000e+01  3.0000000e+01  3.0000000e+01
  3.0000000e+01  3.0000000e+01  3.0000000e+01  3.0000000e+01  3.0000000e+01
  3.0000000e+01  3.0000000e+01  3.0000000e+01  3.0000000e+01  3.0000000e+01
  3.0000000e+01  3.0000000e+01  3.0000000e+01  3.0000000e+01  3.0000000e+01
  3.0000000e+01  3.0000000e+01
                                     Prec(mm/hour)
  0.0000000e+00  0.0000000e+00  0.0000000e+00  0.0000000e+00  0.0000000e+00
  0.0000000e+00  0.0000000e+00  0.0000000e+00  0.0000000e+00  0.0000000e+00
  0.0000000e+00  0.0000000e+00  0.0000000e+00  0.0000000e+00  0.0000000e+00
  0.0000000e+00  0.0000000e+00  0.0000000e+00  0.0000000e+00  0.0000000e+00
  0.0000000e+00  0.0000000e+00  0.0000000e+00  0.0000000e+00  0.0000000e+00
  0.0000000e+00  0.0000000e+00  0.0000000e+00  0.0000000e+00  0.0000000e+00
  0.0000000e+00  0.0000000e+00  0.0000000e+00  0.0000000e+00  0.0000000e+00
  0.0000000e+00  0.0000000e+00  0.0000000e+00  0.0000000e+00  0.0000000e+00
  9.6666702e-04  1.0666701e-03  0.0000000e+00  0.0000000e+00  0.0000000e+00
  0.0000000e+00  0.0000000e+00  0.0000000e+00  0.0000000e+00  0.0000000e+00
  0.0000000e+00  0.0000000e+00  0.0000000e+00  0.0000000e+00  0.0000000e+00
  0.0000000e+00  0.0000000e+00  0.0000000e+00  0.0000000e+00  0.0000000e+00
  0.0000000e+00  0.0000000e+00  0.0000000e+00  0.0000000e+00  0.0000000e+00
  0.0000000e+00  0.0000000e+00  0.0000000e+00  0.0000000e+00  0.0000000e+00
  0.0000000e+00  0.0000000e+00  0.0000000e+00  1.6333300e-03  3.1333300e-03
  3.4433302e-02  5.5626702e-01  1.2603700e+00  1.9756700e-01  4.5699999e-02
  7.0233300e-02  1.3940001e-01  2.3856699e-01  8.3700001e-02  4.3666698e-03
  0.0000000e+00  0.0000000e+00  0.0000000e+00  0.0000000e+00  1.7033299e-02
  4.2833298e-02  4.3000001e-03  2.6000000e-03  1.6233301e-02  1.0000000e-03
  2.6666699e-04  0.0000000e+00  0.0000000e+00  0.0000000e+00  0.0000000e+00
  0.0000000e+00  0.0000000e+00
                                  LH_(upward_W/m2)
  1.2627901e+02  9.7902420e+01  2.2655302e+01  2.3209949e+00 -3.3524017e+00
 -1.3891202e+00  1.1159486e-01  7.9392242e+01  1.2025755e+02  1.1192550e+02
  2.6906231e+01  7.2670465e+00  3.3652749e+00 -5.4084730e-01 -2.2847490e+00
  6.0767174e+01  1.4141968e+02  1.0784960e+02  2.1547146e+01  3.8685970e+00
  3.7836978e+00 -4.4517789e+00 -1.9228725e+00  6.0519459e+01  1.1568053e+02
  1.0723974e+02  2.5515224e+01  8.2792149e+00 -4.7533962e-01  8.9012604e+00
 -3.8859239e+00  7.3888847e+01  1.1858317e+02  1.1466387e+02  1.9896856e+01
  7.2534427e-02  1.0502806e-01  5.6599367e-01 -4.0281081e+00  6.0891148e+01
  1.0987177e+02  1.0320066e+02  1.6168938e+01 -3.5374677e+00 -3.5668471e+00
 -7.8735048e-01 -3.3253658e-01  6.2873707e+01  1.1533854e+02  1.0620998e+02
  1.8102655e+01 -2.8108534e-01 -2.4091415e+00 -3.4368265e+00 -5.3627796e+00
  5.8543785e+01  1.2148672e+02  8.7301590e+01  2.1075487e+01 -2.3277431e+00
 -2.4751451e+00 -6.0714006e+00 -4.4583025e+00  5.2037113e+01  9.4434998e+01
  9.1478844e+01  1.7527822e+01  5.0481815e+00  8.1411896e+00 -5.9933859e-01
 -9.1386147e+00  3.8293510e+01  5.5738861e+01  5.9090660e+01  1.1660610e+01
  9.8109226e+00 -3.8673584e+00 -1.3248111e+01 -4.3713098e+00  2.9773767e+01
  4.0340992e+01  2.5261639e+01  9.0985689e+00  3.3168839e+01  3.2009536e-01
  3.7021926e-01  1.4294516e+01  3.9654480e+01  5.4215958e+01  3.9965607e+01
  1.0647765e+01  1.2561877e+00 -2.8020642e+00 -5.1556110e+00  7.6097765e+00
  3.0851299e+01  6.0956203e+01  4.7153587e+01  1.0028125e+01 -1.3856893e+00
 -2.3757215e+00  1.4147714e-01
                                  SH_(upward_W/m2)
  2.7338223e+02  2.3874925e+02  2.0878389e+01 -1.9412695e+01 -8.2518883e+00
 -1.4476995e+01 -1.0389710e+01  9.1485008e+01  2.8207935e+02  2.0923592e+02
  6.6996589e+00 -1.7981110e+01 -1.0220486e+01 -1.1877978e+01 -1.0430591e+01
  1.0564793e+02  2.4427078e+02  2.0473409e+02  9.8483810e+00 -1.4482074e+01
 -1.4130844e+01 -9.0330839e+00 -2.0684306e-01  1.0678434e+02  2.7294537e+02
  2.0724605e+02  1.5450937e+00 -2.1260813e+01 -1.8506275e+01 -1.7831272e+01
 -1.4000684e+01  9.7372002e+01  2.6078836e+02  1.8735826e+02  8.7648582e+00
 -2.5692905e+01 -2.1362949e+01 -1.8274504e+01 -1.2492466e+01  9.8727448e+01
  2.2709412e+02  1.7204991e+02 -2.1739922e+00 -3.4075558e+01 -2.8036348e+01
 -2.1323990e+01 -1.8556540e+01  1.0208220e+02  2.6555380e+02  1.9734235e+02
 -6.0784202e+00 -3.9870689e+01 -3.2832584e+01 -2.6738565e+01 -2.6307072e+01
  9.4045853e+01  2.3647183e+02  1.7638808e+02 -8.4383116e+00 -2.1919048e+01
 -2.7889446e+01 -3.4071560e+01 -2.8397751e+01  8.2427948e+01  2.5688260e+02
  1.7668100e+02 -1.0924387e+01 -4.4907433e+01 -3.5011536e+01 -3.2940636e+01
 -2.1822865e+01  8.6934914e+01  2.2236850e+02  1.4363887e+02  8.5402069e+00
 -1.9114845e+01 -1.0208318e+01 -5.9093018e+00  1.2795286e+00  4.7127605e+01
  1.0484828e+02  6.1811523e+01  8.5256977e+00 -2.3336866e+00  5.7908398e-01
 -6.1370504e-01 -3.9648438e+00  8.1327873e+01  2.3300609e+02  1.2285222e+02
  8.8822603e+00 -5.3912477e+00 -2.2330327e+00  3.0153604e+00  2.8202690e+01
  8.6821854e+01  2.6942548e+02  2.1933650e+02  4.4925990e+00 -1.6820881e+01
 -1.7844702e+01 -1.4817312e+01
                                  Area_Mean_Ps(mb)
  9.8061383e+02  9.7854944e+02  9.7765997e+02  9.7681775e+02  9.7708551e+02
  9.7680823e+02  9.7680121e+02  9.7763043e+02  9.7725208e+02  9.7615662e+02
  9.7356586e+02  9.7430139e+02  9.7472577e+02  9.7490234e+02  9.7537128e+02
  9.7767542e+02  9.7606244e+02  9.7410132e+02  9.7352740e+02  9.7446460e+02
  9.7541107e+02  9.7602319e+02  9.7646039e+02  9.7759839e+02  9.7753491e+02
  9.7518170e+02  9.7380463e+02  9.7455151e+02  9.7494867e+02  9.7463690e+02
  9.7453998e+02  9.7492554e+02  9.7394574e+02  9.7122467e+02  9.6959772e+02
  9.6971301e+02  9.6963989e+02  9.6900983e+02  9.6824109e+02  9.6802917e+02
  9.6667639e+02  9.6430188e+02  9.6346069e+02  9.6426074e+02  9.6455133e+02
  9.6396021e+02  9.6331720e+02  9.6349292e+02  9.6237909e+02  9.6022437e+02
  9.5948792e+02  9.6022028e+02  9.6089545e+02  9.6029907e+02  9.6048193e+02
  9.6165778e+02  9.6210620e+02  9.6085809e+02  9.6072150e+02  9.6195276e+02
  9.6241486e+02  9.6205542e+02  9.6189038e+02  9.6253027e+02  9.6205231e+02
  9.5974792e+02  9.5942853e+02  9.6087476e+02  9.6260931e+02  9.6345038e+02
  9.6492639e+02  9.6633942e+02  9.6659937e+02  9.6507007e+02  9.6451379e+02
  9.6585162e+02  9.6479999e+02  9.6454889e+02  9.6537598e+02  9.6631775e+02
  9.6837561e+02  9.6962201e+02  9.7147510e+02  9.7459741e+02  9.7713220e+02
  9.7863409e+02  9.8035980e+02  9.8282831e+02  9.8364673e+02  9.8220404e+02
  9.8249817e+02  9.8418475e+02  9.8548938e+02  9.8640460e+02  9.8739734e+02
  9.8916522e+02  9.9092987e+02  9.8795966e+02  9.8737128e+02  9.8876080e+02
  9.9003912e+02  9.9015778e+02
                           Central_Facility_Ps(mb)
  9.8978198e+02  9.8758801e+02  9.8610400e+02  9.8660101e+02  9.8610999e+02
  9.8689801e+02  9.8511499e+02  9.8809198e+02  9.8707501e+02  9.8399200e+02
  9.8302301e+02  9.8450000e+02  9.8450598e+02  9.8520001e+02  9.8490002e+02
  9.8709998e+02  9.8567102e+02  9.8212299e+02  9.8358301e+02  9.8308698e+02
  9.8449701e+02  9.8471399e+02  9.8640002e+02  9.8808801e+02  9.8657898e+02
  9.8398798e+02  9.8250000e+02  9.8450299e+02  9.8489801e+02  9.8338000e+02
  9.8450201e+02  9.8400800e+02  9.8328101e+02  9.8088702e+02  9.7932501e+02
  9.7969598e+02  9.7920001e+02  9.7920001e+02  9.7735602e+02  9.7847699e+02
  9.7558899e+02  9.7417700e+02  9.7274597e+02  9.7316901e+02  9.7438898e+02
  9.7303198e+02  9.7229797e+02  9.7199103e+02  9.7090198e+02  9.7105402e+02
  9.6820001e+02  9.6989203e+02  9.6884302e+02  9.6801898e+02  9.6872198e+02
  9.7007800e+02  9.7198499e+02  9.6870898e+02  9.6986298e+02  9.6969800e+02
  9.6958002e+02  9.7695697e+02  9.6985303e+02  9.7159302e+02  9.7067401e+02
  9.6727301e+02  9.6752698e+02  9.6920001e+02  9.7110400e+02  9.7159998e+02
  9.7350000e+02  9.7492499e+02  9.7800000e+02  9.7299200e+02  9.7252600e+02
  9.7579999e+02  9.7390002e+02  9.7390198e+02  9.7420001e+02  9.7612299e+02
  9.7890802e+02  9.7990002e+02  9.8109998e+02  9.8467102e+02  9.8725000e+02
  9.8951801e+02  9.9171899e+02  9.9409802e+02  9.9390198e+02  9.9150000e+02
  9.9338501e+02  9.9638000e+02  9.9579999e+02  9.9702100e+02  9.9831500e+02
  1.0001900e+03  9.9974799e+02  9.9849402e+02  9.9781000e+02  9.9900000e+02
  1.0011900e+03  1.0002100e+03
                                         Ts_Air(C)
  1.3207635e+01  1.7112574e+01  1.7652102e+01  1.0267083e+01  7.4906926e+00
  5.1247687e+00  3.8655462e+00  9.8061352e+00  1.8934734e+01  2.2959593e+01
  2.2706501e+01  1.4805321e+01  1.1201084e+01  9.0924969e+00  7.5143175e+00
  1.3107922e+01  2.2715464e+01  2.7103706e+01  2.6031231e+01  1.7327206e+01
  1.3477291e+01  1.0978747e+01  9.4292936e+00  1.5210100e+01  2.5378466e+01
  2.8355659e+01  2.6846132e+01  1.8950514e+01  1.5783985e+01  1.3253036e+01
  1.1397717e+01  1.6718260e+01  2.5385777e+01  2.8204842e+01  2.6544176e+01
  2.0383709e+01  1.7942081e+01  1.6832794e+01  1.5857084e+01  1.8587904e+01
  2.6179983e+01  3.0004402e+01  2.8783052e+01  2.2719587e+01  1.9962959e+01
  1.7123236e+01  1.5685404e+01  1.9582783e+01  2.7804630e+01  3.2113838e+01
  3.0888691e+01  2.5130280e+01  2.2237995e+01  1.9995596e+01  1.7109140e+01
  2.0332338e+01  2.7732225e+01  3.1763691e+01  3.0636889e+01  2.2997614e+01
  2.0922588e+01  1.9130152e+01  1.7993191e+01  2.1171038e+01  2.8590570e+01
  3.2631065e+01  3.2126427e+01  2.5637671e+01  2.3092484e+01  1.9874582e+01
  1.7271214e+01  1.7500198e+01  2.1680511e+01  2.4034029e+01  2.1926338e+01
  1.8002954e+01  1.5384889e+01  1.4725335e+01  1.4099372e+01  1.5104972e+01
  1.7382538e+01  1.6662539e+01  1.3935818e+01  1.1716757e+01  9.1328945e+00
  7.0161934e+00  5.3531318e+00  5.3523121e+00  7.7451696e+00  8.9233770e+00
  7.5156364e+00  5.8695350e+00  5.4857159e+00  5.1062255e+00  4.0171337e+00
  4.8296180e+00  8.5922842e+00  1.0751792e+01  9.5580692e+00  4.0205069e+00
  1.5525044e+00  5.7913065e-02
                                        Tg_Soil(C)
  1.6881517e+01  1.9377312e+01  2.0223965e+01  1.8885235e+01  1.7337055e+01
  1.6215704e+01  1.5328811e+01  1.4928569e+01  1.6737896e+01  1.9989075e+01
  2.0895266e+01  1.9541590e+01  1.8073902e+01  1.6989904e+01  1.6160498e+01
  1.5782884e+01  1.7675323e+01  2.0945694e+01  2.2080669e+01  2.0721748e+01
  1.9240158e+01  1.8097816e+01  1.7171560e+01  1.6708267e+01  1.8673704e+01
  2.1844484e+01  2.2817930e+01  2.1453629e+01  2.0027132e+01  1.8956911e+01
  1.8098476e+01  1.7652737e+01  1.9217052e+01  2.1830385e+01  2.2600273e+01
  2.1486748e+01  2.0421207e+01  1.9603205e+01  1.9016661e+01  1.8736931e+01
  2.0015474e+01  2.2226274e+01  2.3014505e+01  2.2030825e+01  2.0950872e+01
  2.0106186e+01  1.9387892e+01  1.9004768e+01  2.0444061e+01  2.3046797e+01
  2.3891132e+01  2.2927814e+01  2.1878853e+01  2.1026205e+01  2.0306389e+01
  1.9834526e+01  2.1326530e+01  2.4057436e+01  2.4958414e+01  2.3753439e+01
  2.2567652e+01  2.1718586e+01  2.1036806e+01  2.0634048e+01  2.2107752e+01
  2.4705933e+01  2.5579025e+01  2.4547340e+01  2.3574171e+01  2.2777746e+01
  2.3364904e+01  2.1733397e+01  2.1912697e+01  2.3426451e+01  2.3784716e+01
  2.2819754e+01  2.1875679e+01  2.0903261e+01  2.0251789e+01  2.0100443e+01
  2.0319258e+01  2.0490889e+01  2.0070200e+01  1.9128658e+01  1.8138704e+01
  1.7201956e+01  1.6407057e+01  1.5772912e+01  1.6128555e+01  1.6996248e+01
  1.6791145e+01  1.5977632e+01  1.5386468e+01  1.4935890e+01  1.4403943e+01
  1.3944522e+01  1.5004607e+01  1.7062874e+01  1.7308918e+01  1.5797528e+01
  1.4268950e+01  1.3220784e+01
                                     Sfc_Air_RH(%)
  4.8861515e+01  3.4993893e+01  3.2330811e+01  5.9573059e+01  7.0109421e+01
  7.7837959e+01  8.1364182e+01  6.7670113e+01  3.3321285e+01  2.3273565e+01
  2.4125341e+01  4.5683090e+01  5.8681919e+01  6.8808289e+01  7.6193855e+01
  6.3085041e+01  3.2645660e+01  2.1951136e+01  2.3555872e+01  4.7648075e+01
  6.0819221e+01  6.8108986e+01  7.5111954e+01  6.1816742e+01  2.9179838e+01
  2.1369991e+01  2.3800859e+01  4.2408875e+01  5.5804012e+01  6.5183891e+01
  7.2360054e+01  5.7744690e+01  3.1004515e+01  2.3921867e+01  2.4025064e+01
  3.8744152e+01  4.6527737e+01  4.9657688e+01  5.4994141e+01  4.8726444e+01
  2.7600376e+01  2.0803896e+01  2.1913761e+01  3.2607143e+01  3.8966854e+01
  4.5251530e+01  5.1278503e+01  4.2231636e+01  2.4788332e+01  1.9128075e+01
  2.0811741e+01  3.0913782e+01  3.6529667e+01  4.2337708e+01  5.2008640e+01
  4.6611179e+01  3.2058800e+01  2.5941824e+01  2.8252373e+01  4.7278637e+01
  5.8344601e+01  6.6477684e+01  7.4161423e+01  6.6078201e+01  4.1116989e+01
  3.1668077e+01  3.2137058e+01  4.8462471e+01  5.8908154e+01  6.6620071e+01
  7.1124191e+01  7.0383255e+01  6.0341377e+01  5.4581787e+01  6.0806732e+01
  7.4017723e+01  8.5482300e+01  8.9657722e+01  9.5523598e+01  9.2352486e+01
  8.3886353e+01  8.1478691e+01  8.2671692e+01  8.2221291e+01  8.2624664e+01
  8.0218201e+01  7.5894875e+01  6.7302750e+01  4.8603142e+01  4.0347614e+01
  4.2854992e+01  5.2809212e+01  5.5406902e+01  5.7507965e+01  6.5567848e+01
  6.0659248e+01  3.6602993e+01  2.9737251e+01  3.1387423e+01  5.0126244e+01
  6.2633060e+01  6.9486717e+01
                               Srf_wind_speed(m/s)
  5.6011305e+00  4.8326545e+00  3.7814329e+00  1.4409764e+00  1.3247012e+00
  1.7042753e+00  1.6188068e+00  2.1833985e+00  4.4791636e+00  4.4832964e+00
  3.6111674e+00  2.6959519e+00  2.3834114e+00  2.1398382e+00  2.0283453e+00
  2.7235186e+00  4.0198965e+00  2.9812906e+00  2.9816277e+00  2.2289457e+00
  1.9614934e+00  1.5547441e+00  1.3130006e+00  1.5538491e+00  2.9478884e+00
  3.6704702e+00  3.5223811e+00  2.9875422e+00  3.0114565e+00  2.6147046e+00
  2.3196683e+00  3.9883938e+00  7.3083849e+00  7.1518831e+00  5.9458027e+00
  4.2339110e+00  4.5214181e+00  4.5710087e+00  4.4843049e+00  5.9034500e+00
  7.7759008e+00  7.7695112e+00  6.5602050e+00  4.4982610e+00  4.7687783e+00
  4.0573182e+00  4.0383177e+00  5.4509993e+00  7.0026388e+00  8.6391068e+00
  6.8514304e+00  5.3568678e+00  5.1651363e+00  4.7283721e+00  3.7298257e+00
  4.1521268e+00  4.5679021e+00  4.6577415e+00  4.2159586e+00  3.4161463e+00
  3.9628222e+00  3.6773224e+00  3.7482409e+00  4.5672293e+00  6.0676455e+00
  6.2736530e+00  4.8888669e+00  4.2099748e+00  4.9392705e+00  5.0017815e+00
  5.3032880e+00  5.7833595e+00  4.5967650e+00  4.1362457e+00  4.7062311e+00
  3.9477894e+00  2.6295121e+00  2.5895438e+00  2.2271216e+00  2.9328949e+00
  5.0558434e+00  6.5157356e+00  7.0161715e+00  7.1316528e+00  6.8075943e+00
  6.9900980e+00  6.2611361e+00  6.2511449e+00  6.8394670e+00  6.9394588e+00
  5.9710689e+00  4.2925239e+00  3.8068638e+00  4.1567721e+00  3.7134066e+00
  3.7339613e+00  5.2188706e+00  5.8482847e+00  5.1789699e+00  2.5241573e+00
  2.3004849e+00  2.4258323e+00
                                      u_wind_(m/s)
  5.6321031e-01  2.1465828e-01 -4.2764229e-01 -4.6681488e-01  2.3992138e-01
  1.0148716e+00  9.2571390e-01  1.1275425e+00  1.8829559e+00  1.1031208e+00
  6.1931926e-01 -4.9961269e-01 -2.4553686e-02  3.9823940e-01  5.7174450e-01
  8.7514156e-01  2.1250260e+00  7.7175879e-01 -6.0138369e-01 -8.7484068e-01
 -4.9383888e-01 -1.5743065e-01  1.9960601e-02  6.7226216e-02  3.8295227e-01
 -4.5845821e-01 -1.4110281e+00 -1.2874644e+00 -8.5882163e-01 -5.9277576e-01
 -3.2408455e-01  6.6496730e-01  2.1164472e+00  1.1397424e+00  1.7260766e-01
 -8.2022423e-01 -4.2827350e-01  3.0253300e-01  3.8224164e-01  1.2225374e+00
  2.7823205e+00  2.2514648e+00  9.7402334e-01 -9.7804332e-01 -2.6111764e-01
  1.7299341e-02  4.3826476e-02  1.4259070e+00  2.4659784e+00  2.5424440e+00
  1.0560026e+00 -4.6287856e-01  6.1432417e-02  2.6356459e-01 -7.8054935e-02
  6.0621375e-01  5.9080464e-01 -6.1646819e-01 -1.0172597e+00 -1.9819865e+00
 -2.3051572e+00 -2.1337020e+00 -1.6053017e+00 -3.9938620e-01  5.8825088e-01
  1.4201866e+00  8.1307876e-01 -9.6779013e-01 -7.8885704e-01 -1.8799398e+00
 -1.8382804e+00 -2.3354099e+00 -1.7458301e+00 -4.6838653e-01 -1.5953224e+00
 -1.3793879e+00 -1.4529587e+00 -1.1825241e+00 -1.1917175e+00 -1.3283299e+00
 -5.5916083e-01 -1.7547197e+00 -1.4990827e+00 -1.7628889e+00 -1.6393611e+00
 -1.9843862e+00 -1.8993920e+00 -1.9220072e+00 -2.8491440e+00 -2.7307098e+00
 -2.2149265e+00 -1.6910239e+00 -1.0591682e+00 -1.2242280e+00 -1.2039402e+00
 -1.6345248e+00 -2.3650801e+00 -1.5340933e+00 -1.8725444e+00 -1.2376776e+00
 -1.2078679e+00 -1.1353339e+00
                                       v_wind(m/s)
 -5.2045612e+00 -4.4926591e+00 -3.4020269e+00 -2.9893446e-01  9.1082054e-01
  1.0506586e+00  1.0265923e+00  1.7339393e+00  3.7735035e+00  4.0552692e+00
  3.4251847e+00  2.4676502e+00  2.1759520e+00  1.9486959e+00  1.8153803e+00
  1.9776270e+00  2.7826865e+00  2.5386262e+00  2.5110898e+00  1.7076638e+00
  1.5438744e+00  1.0898079e+00  8.2953060e-01  1.3462363e+00  2.5451176e+00
  3.2866020e+00  2.8592234e+00  2.3620512e+00  2.5547669e+00  2.2746587e+00
  2.0748875e+00  3.3624151e+00  6.1238246e+00  6.3344669e+00  5.3927097e+00
  3.9034634e+00  4.2407999e+00  4.2484264e+00  4.1519713e+00  5.1610408e+00
  6.3566747e+00  6.6463284e+00  5.9064784e+00  4.0916348e+00  4.3984728e+00
  3.5543737e+00  3.5733984e+00  4.6494117e+00  5.7817740e+00  7.4041939e+00
  6.0980148e+00  4.9418063e+00  4.6555018e+00  4.2629452e+00  3.1687753e+00
  3.1575913e+00  2.5626652e+00  2.8824446e+00  2.7076874e+00  1.0108235e+00
  2.1098795e+00  2.3646903e+00  2.7567027e+00  3.6716511e+00  5.2345376e+00
  5.1702571e+00  4.0285225e+00  1.4933335e+00 -5.9691262e-01 -2.0804420e+00
 -2.3467450e+00 -2.2126410e+00 -1.3252144e+00 -1.0564518e+00 -1.3556440e+00
 -1.9180701e+00 -1.0115954e+00 -3.4484652e-01 -7.5012022e-01 -1.0994561e+00
 -2.6399996e+00 -4.9611869e+00 -5.9120560e+00 -6.2283964e+00 -6.0269890e+00
 -6.1949201e+00 -5.3203955e+00 -5.2203236e+00 -5.4027781e+00 -5.6241331e+00
 -4.9769940e+00 -3.5759773e+00 -3.4092987e+00 -3.7443528e+00 -3.2943993e+00
 -3.0827863e+00 -4.1570787e+00 -4.9527054e+00 -4.4206953e+00 -2.0013223e+00
 -1.7129316e+00 -1.7564515e+00
                              Srf_Net_Dn_Rad(W/m2)
  4.7959784e+02  3.5656427e+02  2.0014937e+00 -5.7716038e+01 -5.3979656e+01
 -5.1659985e+01 -4.1614822e+01  2.0895599e+02  4.7868274e+02  3.5711911e+02
 -4.5065331e+00 -6.4992622e+01 -5.8203846e+01 -5.2885071e+01 -4.2723667e+01
  1.9396034e+02  4.5878534e+02  3.4008252e+02 -4.5261345e+00 -5.8817230e+01
 -5.0540176e+01 -4.3900108e+01 -3.5646133e+01  1.9787216e+02  4.5708508e+02
  3.3481104e+02 -7.7229223e+00 -6.4345421e+01 -5.9279819e+01 -5.3422359e+01
 -4.4661049e+01  1.8947733e+02  4.5518863e+02  3.2837308e+02 -1.3489110e+01
 -6.8171799e+01 -5.8896809e+01 -5.3747257e+01 -4.6515587e+01  1.7026935e+02
  3.8482904e+02  2.7966766e+02 -1.6132702e+01 -7.1757874e+01 -6.7720993e+01
 -6.2934776e+01 -5.4084881e+01  1.7717461e+02  4.4044092e+02  3.2099701e+02
 -1.9316975e+01 -7.5057678e+01 -6.9666069e+01 -6.3842026e+01 -5.2786587e+01
  1.6944406e+02  4.3000467e+02  3.1326926e+02 -9.5230980e+00 -5.5614197e+01
 -5.5838760e+01 -5.4372116e+01 -4.4196259e+01  1.7371288e+02  4.2438553e+02
  3.0544370e+02 -9.4554806e+00 -5.6521904e+01 -5.2710743e+01 -4.9076157e+01
 -4.1768288e+01  1.4500629e+02  3.3997638e+02  2.3225983e+02  1.3322387e-02
 -3.3970058e+01 -2.5462484e+01 -1.9127754e+01 -1.4517008e+01  1.0852181e+02
  1.4988521e+02  8.3470062e+01  2.2749217e+00 -1.1886018e+01 -2.0275648e+01
 -2.6005285e+01 -2.8582630e+01  1.3067729e+02  3.1368045e+02  1.8374208e+02
  2.9537413e+00 -1.6505198e+01 -1.7918360e+01 -2.3298332e+01 -3.1204493e+01
  1.4188536e+02  4.0041806e+02  2.9330432e+02 -2.5924538e+01 -6.3549839e+01
 -5.4184105e+01 -4.9383274e+01
                                   TOA_LW_Up(W/m2)
  2.8493787e+02  2.9495929e+02  2.7868173e+02  2.5455617e+02  2.6356836e+02
  2.4559909e+02  2.4449120e+02  2.7134497e+02  3.0614096e+02  3.1127441e+02
  2.9075241e+02  2.6609763e+02  2.7493640e+02  2.5534564e+02  2.5083398e+02
  2.7369901e+02  3.1047052e+02  3.1870520e+02  2.9590482e+02  2.7173340e+02
  2.8046274e+02  2.5961755e+02  2.5709192e+02  2.8243265e+02  3.1822830e+02
  3.2012469e+02  2.9780215e+02  2.7469077e+02  2.8398376e+02  2.6482614e+02
  2.6212067e+02  2.8230328e+02  3.0880960e+02  3.0886285e+02  2.8573645e+02
  2.6122293e+02  2.6958398e+02  2.4657195e+02  2.4903456e+02  2.5995874e+02
  2.6715869e+02  2.5883881e+02  2.7431363e+02  2.7597601e+02  2.6857782e+02
  2.6863623e+02  2.6693475e+02  2.8197794e+02  3.0844138e+02  3.1462323e+02
  3.0139172e+02  2.8703964e+02  2.9102380e+02  2.7811316e+02  2.7472089e+02
  2.9184921e+02  3.2092850e+02  3.2377396e+02  3.0229691e+02  2.8699344e+02
  2.9317456e+02  2.7897861e+02  2.7561804e+02  2.9055426e+02  3.1627652e+02
  3.1962292e+02  3.0459015e+02  2.8680289e+02  2.8959808e+02  2.7331442e+02
  2.6531580e+02  2.7163187e+02  2.8281573e+02  2.7613269e+02  2.5601834e+02
  2.4300734e+02  2.3650064e+02  1.9408507e+02  2.1115616e+02  2.3410175e+02
  2.4580190e+02  2.4230585e+02  2.4312059e+02  2.4343858e+02  2.4216977e+02
  2.4107233e+02  2.3691933e+02  2.4246555e+02  2.4712541e+02  2.3845502e+02
  2.2861783e+02  2.1982092e+02  2.1909865e+02  2.1849014e+02  2.2383235e+02
  2.3959909e+02  2.6982013e+02  2.7494528e+02  2.5800031e+02  2.3500655e+02
  2.2638203e+02  1.9530498e+02
                                   TOA_SW_Dn(W/m2)
  8.3478088e+02  7.4368970e+02  1.7659857e+02  0.0000000e+00  0.0000000e+00
  0.0000000e+00  0.0000000e+00  4.3583475e+02  8.4787036e+02  7.3937262e+02
  1.7031442e+02  0.0000000e+00  0.0000000e+00  0.0000000e+00  0.0000000e+00
  4.2532507e+02  8.3504633e+02  7.3170557e+02  1.6314090e+02  0.0000000e+00
  0.0000000e+00  0.0000000e+00  0.0000000e+00  4.2579114e+02  8.3740137e+02
  7.2516718e+02  1.5672791e+02  0.0000000e+00  0.0000000e+00  0.0000000e+00
  0.0000000e+00  4.2079193e+02  8.3108777e+02  7.1529340e+02  1.4785704e+02
  0.0000000e+00  0.0000000e+00  0.0000000e+00  0.0000000e+00  3.9079913e+02
  7.7605371e+02  6.4584564e+02  1.3424719e+02  0.0000000e+00  0.0000000e+00
  0.0000000e+00  0.0000000e+00  4.2983527e+02  8.0408636e+02  7.0452429e+02
  1.4245859e+02  0.0000000e+00  0.0000000e+00  0.0000000e+00  0.0000000e+00
  4.2729474e+02  8.0167389e+02  7.0126007e+02  3.8588773e+02  0.0000000e+00
  0.0000000e+00  0.0000000e+00  0.0000000e+00  4.2293436e+02  7.9575098e+02
  6.9522699e+02  1.3138821e+02  0.0000000e+00  0.0000000e+00  0.0000000e+00
  0.0000000e+00  3.8692004e+02  6.9403510e+02  5.7959436e+02  1.3982802e+02
  0.0000000e+00  0.0000000e+00  0.0000000e+00  0.0000000e+00  3.0092090e+02
  4.5513916e+02  3.3721884e+02  5.9893848e+01  0.0000000e+00  0.0000000e+00
  0.0000000e+00  0.0000000e+00  3.3769290e+02  6.1824408e+02  4.7584720e+02
  7.3250900e+01  0.0000000e+00  0.0000000e+00  0.0000000e+00  0.0000000e+00
  3.6354959e+02  7.3773267e+02  6.5824976e+02  1.0822513e+02  0.0000000e+00
  0.0000000e+00  0.0000000e+00
                                     TOA_Ins(W/m2)
  1.0446719e+03  9.0236267e+02  2.2072833e+02  0.0000000e+00  0.0000000e+00
  0.0000000e+00  0.0000000e+00  5.6094312e+02  1.0399636e+03  8.9627234e+02
  2.1358640e+02  0.0000000e+00  0.0000000e+00  0.0000000e+00  0.0000000e+00
  5.5699048e+02  1.0351169e+03  8.9027753e+02  2.0668848e+02  0.0000000e+00
  0.0000000e+00  0.0000000e+00  0.0000000e+00  5.5312109e+02  1.0303038e+03
  8.8409436e+02  1.9951703e+02  0.0000000e+00  0.0000000e+00  0.0000000e+00
  0.0000000e+00  5.4900037e+02  1.0254125e+03  8.7793884e+02  1.9246330e+02
  0.0000000e+00  0.0000000e+00  0.0000000e+00  0.0000000e+00  5.4496582e+02
  1.0204440e+03  8.7181274e+02  1.8552969e+02  0.0000000e+00  0.0000000e+00
  0.0000000e+00  0.0000000e+00  5.4101855e+02  1.0154849e+03  8.6550256e+02
  1.7845741e+02  0.0000000e+00  0.0000000e+00  0.0000000e+00  0.0000000e+00
  5.3671295e+02  1.0104525e+03  8.5922565e+02  1.7150891e+02  0.0000000e+00
  0.0000000e+00  0.0000000e+00  0.0000000e+00  5.3249780e+02  1.0053484e+03
  8.5298462e+02  1.6442567e+02  0.0000000e+00  0.0000000e+00  0.0000000e+00
  0.0000000e+00  5.2815137e+02  1.0001757e+03  8.4685449e+02  1.5760033e+02
  0.0000000e+00  0.0000000e+00  0.0000000e+00  0.0000000e+00  5.2400989e+02
  9.9501898e+02  8.4054694e+02  1.5064410e+02  0.0000000e+00  0.0000000e+00
  0.0000000e+00  0.0000000e+00  5.1974048e+02  9.8976819e+02  8.3428168e+02
  1.4381952e+02  0.0000000e+00  0.0000000e+00  0.0000000e+00  0.0000000e+00
  5.1534528e+02  9.8451056e+02  8.2784277e+02  1.3673744e+02  0.0000000e+00
  0.0000000e+00  0.0000000e+00
                                    GOES_Lowcld(%)
  1.1198895e+01  2.8929250e+00  9.1139629e-02  0.0000000e+00  1.3716500e-04
  0.0000000e+00  0.0000000e+00  8.3072685e-02  3.2570884e-01  2.7588937e-01
  7.1821257e-02  0.0000000e+00  3.8861155e-05  0.0000000e+00  0.0000000e+00
  4.1617522e-01  1.9675621e+00  6.7718548e-01  1.2530912e-01  0.0000000e+00
  1.1358008e-04  0.0000000e+00  0.0000000e+00  9.4035394e-02  2.7269372e-01
  2.3055694e-01  7.3615320e-02  0.0000000e+00  4.1635009e-05  0.0000000e+00
  0.0000000e+00  9.6292593e-02  4.3886727e-01  1.2479458e+00  2.8302503e+00
  0.0000000e+00  1.5882381e-03  0.0000000e+00  0.0000000e+00  4.2336011e-01
  2.4646957e+00  3.2730744e+00  4.5138006e+00  0.0000000e+00  2.7370348e-03
  0.0000000e+00  0.0000000e+00  1.8875853e+01  4.6588760e+01  2.5165638e+01
  2.4066491e+00  0.0000000e+00  1.4598721e-03  0.0000000e+00  0.0000000e+00
  2.4054230e+01  5.0125465e+01  2.2348270e+01  0.0000000e+00  0.0000000e+00
  3.1473132e-06  0.0000000e+00  0.0000000e+00  2.3930553e+01  5.0909763e+01
  2.3269545e+01  1.9115601e+00  0.0000000e+00  1.1465029e-03  0.0000000e+00
  0.0000000e+00  1.4300355e+01  3.5161583e+01  2.8170918e+01  1.6025188e+00
  0.0000000e+00  6.7198678e-04  0.0000000e+00  0.0000000e+00  3.1000206e+00
  5.4497051e+00  2.4138479e+00  5.9892267e-02  0.0000000e+00  0.0000000e+00
  0.0000000e+00  0.0000000e+00  1.4991079e+01  3.4626518e+01  2.1752594e+01
  1.9478866e+00  0.0000000e+00  0.0000000e+00  0.0000000e+00  2.4698268e-01
  2.0024725e+01  4.4981430e+01  2.5690361e+01  2.0028844e+00  0.0000000e+00
  0.0000000e+00  0.0000000e+00
                                    GOES_Midcld(%)
  8.0318779e-01  7.9079606e-02  0.0000000e+00  0.0000000e+00  0.0000000e+00
  0.0000000e+00  0.0000000e+00  0.0000000e+00  2.6905794e-02  6.1822399e-02
  0.0000000e+00  0.0000000e+00  3.1311691e-03  0.0000000e+00  3.6056757e+00
  8.6169500e+00  4.5160604e+00  4.9850419e-01  2.1479024e-02  0.0000000e+00
  4.7329138e-04  0.0000000e+00  0.0000000e+00  3.9040466e-04  1.7261047e-02
  1.2686769e-02  0.0000000e+00  0.0000000e+00  2.1648600e-03  0.0000000e+00
  2.5808835e-02  6.0870737e-01  5.4066485e-01  2.0772536e+00  9.6736050e+00
  2.2109068e+01  2.6432360e+01  3.1556465e+01  2.7140789e+01  2.2557121e+01
  1.5868818e+01  1.5130063e+01  1.1922866e+01  2.3527820e+00  2.5981524e+00
  1.7914778e+00  1.6100361e+00  7.4716973e+00  5.4815469e+00  1.8499742e+00
  7.1142726e-02  2.2149954e-03  4.6719057e-03  7.5290697e-03  1.6967605e-03
  1.5004566e-01  0.0000000e+00  0.0000000e+00  0.0000000e+00  0.0000000e+00
  1.3074573e-02  0.0000000e+00  2.4944844e+00  2.3365471e+00  1.8803561e-01
  4.2928606e-03  4.5105093e-03  4.1605949e+00  7.0358872e+00  1.0046828e+01
  1.4807468e+01  2.7739130e+01  3.5455978e+01  2.9980555e+01  3.1231604e+01
  2.5512772e+01  1.6134354e+01  6.6637359e+00  1.7425701e+01  5.2893192e+01
  8.2854599e+01  9.2174103e+01  5.8113434e+01  3.8769822e+00  1.5278134e+00
  1.3769282e-01  6.7673049e+00  4.7019604e+01  5.1940159e+01  7.1564018e+01
  6.4934792e+01  3.2759911e+01  3.7592869e+01  3.5570263e+01  3.2480907e+01
  4.1170895e+01  1.0200517e+01  2.8400059e+00  4.8082728e-02  3.6402652e+00
  4.6566644e+00  6.9660387e+00
                                    GOES_Hghcld(%)
  1.7714345e-01  1.7198740e-01  0.0000000e+00  0.0000000e+00  4.7955024e-07
  0.0000000e+00  0.0000000e+00  4.4295815e-04  4.9771765e-01  2.7628124e-01
  2.7480000e-03  0.0000000e+00  1.6506446e-04  0.0000000e+00  3.7039518e-01
  2.8933740e+00  4.0538478e+00  8.3475548e-01  1.2113997e-01  0.0000000e+00
  7.3715928e-05  0.0000000e+00  0.0000000e+00  0.0000000e+00  1.1994959e-01
  5.7475235e-02  0.0000000e+00  0.0000000e+00  6.8674183e-07  0.0000000e+00
  0.0000000e+00  1.6091388e-01  9.5910913e-01  1.5625026e+00  2.2730892e+00
  2.6842577e+00  6.3035350e+00  8.8518620e+00  5.0721040e+00  1.4665332e+01
  3.6056129e+01  4.3323563e+01  1.9122850e+01  7.9649370e-03  4.2341724e-02
  6.8691629e-03  7.4627441e-03  1.0253981e+00  2.4559469e+00  8.3450276e-01
  0.0000000e+00  0.0000000e+00  3.7609627e-07  0.0000000e+00  0.0000000e+00
  0.0000000e+00  0.0000000e+00  0.0000000e+00  0.0000000e+00  0.0000000e+00
  1.1155061e-05  0.0000000e+00  9.0261716e-03  2.0308575e-02  3.3139535e-03
  9.9418610e-03  0.0000000e+00  7.3932326e-01  6.2231469e-01  1.6154720e-01
  1.0795603e+00  1.0333785e+00  1.3455799e+00  8.6965141e+00  1.5130304e+01
  2.0427822e+01  3.9357079e+01  5.8744118e+01  5.0713394e+01  2.6000542e+01
  6.1641436e+00  5.3228102e+00  3.0081234e+00  2.2811611e+00  1.8397024e+00
  9.2126047e-03  7.4089371e-02  0.0000000e+00  1.4388126e-02  2.2488186e-01
  2.4730148e+00  7.5996833e+00  3.7741482e+00  1.3315805e+01  1.6261754e+00
  1.1515623e-01  2.5403749e-02  2.5183442e-01  1.4950017e-02  2.3654983e+00
  1.0873948e+01  4.8326241e+01
                                    GOES_Totcld(%)
  1.2179190e+01  3.1438890e+00  9.1139629e-02  0.0000000e+00  1.3764457e-04
  0.0000000e+00  0.0000000e+00  8.3508134e-02  8.5037321e-01  6.1396348e-01
  7.4545957e-02  0.0000000e+00  3.3350785e-03  0.0000000e+00  3.9761057e+00
  1.1926677e+01  1.0537318e+01  2.0105138e+00  2.6785854e-01  0.0000000e+00
  6.6057767e-04  0.0000000e+00  0.0000000e+00  9.4425812e-02  4.0999231e-01
  3.0075642e-01  7.3615320e-02  0.0000000e+00  2.2071791e-03  0.0000000e+00
  2.5808835e-02  8.6590374e-01  1.9387847e+00  4.8875675e+00  1.4777365e+01
  2.4793476e+01  3.2737553e+01  4.0408348e+01  3.2212864e+01  3.7646214e+01
  5.4389961e+01  6.1726517e+01  3.5559509e+01  2.3607159e+00  2.6431994e+00
  1.7983079e+00  1.6175064e+00  2.7373175e+01  5.4526146e+01  2.7850063e+01
  2.4777918e+00  2.2149954e-03  6.1321612e-03  7.5290697e-03  1.6967605e-03
  2.4204369e+01  5.0125465e+01  2.2348270e+01  0.0000000e+00  0.0000000e+00
  1.3088888e-02  0.0000000e+00  2.5035636e+00  2.6287477e+01  5.1101273e+01
  2.3283838e+01  1.9161171e+00  4.8998518e+00  7.6593351e+00  1.0208347e+01
  1.5886888e+01  4.3072746e+01  7.1963402e+01  6.6848213e+01  4.7964344e+01
  4.5940296e+01  5.5491982e+01  6.5407768e+01  6.8138969e+01  8.1993759e+01
  9.4468536e+01  9.9910622e+01  6.1181393e+01  6.1580930e+00  3.3673022e+00
  1.4690538e-01  6.8414378e+00  6.2010624e+01  8.6580986e+01  9.3541229e+01
  6.9355644e+01  4.0359673e+01  4.1366604e+01  4.8886173e+01  3.4353992e+01
  6.1310787e+01  5.5207241e+01  2.8782169e+01  2.0659173e+00  6.0056982e+00
  1.5530411e+01  5.5292252e+01
                                 Cld_Thickness(km)
  7.6946981e-02  3.8744282e-02  1.0529319e-02  1.1189317e-02  1.1150402e-02
  1.6765807e-02  1.6813196e-02  1.2959342e-02  5.4154225e-02  4.1163720e-02
  1.1614533e-02  1.0751469e-02  1.0717423e-02  1.6042507e-01  1.6054307e-01
  1.6834031e-01  2.6789543e-01  8.3972253e-02  3.4287348e-02  3.2742348e-02
  3.2673817e-02  1.2624330e-02  1.2657080e-02  1.3512990e-02  4.0471982e-02
  3.0119253e-02  1.2623607e-02  1.2333157e-02  1.2314874e-02  2.8449479e-02
  2.8581697e-02  3.2011200e-02  1.3706991e-01  1.5202521e-01  1.4369255e-01
  1.5815805e-01  1.5816034e-01  4.9165419e-01  4.9241427e-01  4.9119195e-01
  1.1549526e+00  1.2257581e+00  7.0073521e-01  7.2578204e-01  7.2519642e-01
  8.0194682e-02  8.0325410e-02  7.8687429e-02  1.9949596e-01  1.2383466e-01
  9.3152067e-03  9.5922546e-03  9.4587654e-03  5.5598579e-02  5.5641148e-02
  5.6763522e-02  9.3352824e-02  8.2883440e-02  0.0000000e+00  9.4392773e-05
  0.0000000e+00  5.6458861e-02  5.6503400e-02  5.6863625e-02  9.2667788e-02
  8.9887761e-02  9.7227478e-03  9.7517567e-03  9.6561378e-03  1.2904166e-01
  1.2921567e-01  1.2552807e-01  2.5956604e-01  5.1600993e-01  0.0000000e+00
  6.0013920e-04  0.0000000e+00  6.0792881e-01  6.0820222e-01  6.2846988e-01
  8.4769112e-01  9.1349733e-01  1.1964246e-01  1.2224837e-01  1.2133367e-01
  2.7649328e-01  2.7682102e-01  2.6614395e-01  5.3408080e-01  7.2294432e-01
  1.2726928e-01  1.2622988e-01  1.2551557e-01  2.5266668e-01  2.5264856e-01
  2.4784879e-01  2.1216138e-01  1.3497183e-01  1.2226212e-02  1.5451303e-02
  1.5296402e-02  1.5669137e-02
                                    Cld_Top_ht(km)
  6.4340824e-01  4.4487736e-01  3.9586514e-02  0.0000000e+00  3.0503847e-05
  0.0000000e+00  0.0000000e+00  7.6216251e-02  8.3808392e-01  6.0372204e-01
  6.1810642e-02  0.0000000e+00  1.6524764e-03  0.0000000e+00  9.6495348e-01
  2.4834778e+00  3.4271116e+00  1.4643706e+00  2.5792545e-01  0.0000000e+00
  7.4376445e-04  0.0000000e+00  0.0000000e+00  9.1327049e-02  6.3271827e-01
  3.3730426e-01  6.2122319e-02  0.0000000e+00  4.0413174e-03  0.0000000e+00
  3.3958450e-02  4.9534255e-01  1.8273301e+00  1.9699132e+00  2.4273586e+00
  3.7528796e+00  3.8050594e+00  3.9535019e+00  3.8598647e+00  4.9718595e+00
  8.2132196e+00  6.8108201e+00  4.1140342e+00  8.6955148e-01  9.1397762e-01
  7.2754633e-01  8.8141233e-01  1.2094169e+00  1.8527490e+00  1.1608961e+00
  1.2313595e-01  9.0894513e-03  1.2997303e-02  1.8284883e-02  4.5797373e-03
  3.6356342e-01  5.1941311e-01  4.5998937e-01  0.0000000e+00  0.0000000e+00
  8.7061292e-03  0.0000000e+00  5.3767633e-01  6.9776279e-01  5.1822490e-01
  5.2612561e-01  1.1834424e-01  7.5878090e-01  1.4467177e+00  2.1642854e+00
  2.8183479e+00  2.4476612e+00  2.0016241e+00  2.3764057e+00  3.3515379e+00
  4.2501373e+00  5.6966810e+00  7.2889581e+00  5.9850249e+00  5.0180945e+00
  3.8960776e+00  3.8773065e+00  3.2032776e+00  1.3908981e+00  7.8838307e-01
  2.5625223e-01  1.3406346e+00  2.5413907e+00  2.4012561e+00  3.1135049e+00
  3.8654969e+00  3.3255622e+00  3.7280607e+00  4.3883204e+00  3.8729589e+00
  2.5385921e+00  9.4401479e-01  6.9508374e-01  1.2842861e-01  1.6788582e+00
  2.6243956e+00  5.5573196e+00
                                MWR_Cld_liquid(cm)
  2.3050481e-04  1.0867941e-04  0.0000000e+00  6.6360561e-05  0.0000000e+00
  0.0000000e+00  4.0416282e-07  3.3510029e-03  2.3269595e-04  8.0909708e-04
  4.6851451e-04  1.0268403e-03  1.9852815e-03  1.2722786e-03  1.3876794e-03
  1.1018560e-03  1.1451044e-04  2.3074762e-03  2.4484354e-03  2.5303401e-03
  9.2758809e-04  2.7927670e-03  1.2233425e-03  5.1124766e-03  1.4979967e-03
  7.9357141e-04  7.2186696e-04  6.7521073e-04  1.1912762e-03  1.2023149e-03
  1.2951110e-03  8.2890975e-04  1.7259767e-03  5.6625488e-03  1.1792191e-03
  6.6377465e-03  3.1419292e-03  4.0329183e-03  3.8952515e-03  7.4450457e-03
  2.6704664e-03  1.6210335e-03  4.6471576e-03  1.5487125e-03  3.6310885e-05
  1.9063487e-03  1.8477432e-03  6.1047490e-04  1.5109614e-03  7.7034194e-08
  1.7480140e-03  1.5706813e-03  2.7265162e-03  6.3280144e-04  1.8194793e-03
  4.0130320e-04  7.6528373e-03  4.3846336e-03  2.1779301e-04  3.3918003e-04
  2.7152232e-04  5.5202661e-04  4.6348534e-04  6.6608307e-03  9.1546617e-06
  2.9766699e-04  0.0000000e+00  5.0919343e-06  2.0346600e-03  1.2934607e-02
  3.1865742e-03  1.0511575e-02  3.8632210e-03  3.9907675e-03  5.6697531e-03
  2.1132976e-03  1.8027926e-02  4.3848597e-02  1.9693753e-02  1.7933397e-02
  1.9184841e-02  2.6702445e-02  2.9875062e-02  8.9263534e-03  1.5147473e-02
  5.7528662e-03  4.1716034e-03  3.6656568e-03  8.1446506e-03  1.0173691e-02
  1.3505948e-02  1.8331768e-02  3.0676244e-02  2.3739297e-02  1.1734730e-02
  7.9015112e-03  5.7880152e-03  4.4438881e-03  4.2339537e-04  2.2630909e-04
  6.8627071e-04  7.7475165e-04
                        d(Column_H2O)/dt_(mm/hour)
 -1.7964931e-01 -3.4949815e-01 -3.6191013e-01 -2.3051320e-01 -8.7633960e-02
 -4.7696480e-03  2.5721762e-02  1.6480098e-02  1.8270959e-03  5.2286334e-02
  8.7499470e-02  1.0475072e-01  1.0967063e-01  1.6427839e-01  2.5586119e-01
  3.0243865e-01  2.4889375e-01  1.5438239e-01  1.0883506e-01  1.0094071e-01
  2.6963828e-02 -6.5877244e-02 -7.2731771e-02 -2.3000218e-02  2.4578856e-02
  3.3602942e-02  7.3483237e-03 -1.4466750e-02  3.3579204e-02  1.3111292e-01
  1.7175250e-01  1.8840311e-01  2.7269423e-01  3.9719027e-01  4.3801343e-01
  3.9303562e-01  3.4408692e-01  3.3420107e-01  1.1968895e-01  4.0860195e-02
 -2.7080216e-02 -5.3200942e-02 -8.2597658e-02 -9.1853216e-02 -1.1586822e-01
 -2.2579393e-01 -2.4387771e-01 -1.3486458e-01  3.6603443e-02  1.1062013e-01
  9.4981536e-02  8.3967395e-02  6.2224597e-02 -1.5943751e-02 -1.2670416e-01
 -6.0248144e-02  1.2908202e-01  3.0868083e-01  3.9898971e-01  2.6789966e-01
 -2.0170683e-02 -1.9363050e-01 -8.5346267e-02  1.5832862e-01  2.3522088e-01
  2.6432401e-01  5.6987655e-01  8.2102704e-01  6.5361750e-01  2.4931212e-01
  2.3452748e-02  7.7389374e-02  2.4232876e-01  3.0402526e-01  3.8869995e-01
  4.5803419e-01  2.9433772e-01 -5.0531656e-02 -2.6035750e-01 -3.1966543e-01
 -6.1901629e-01 -8.5959482e-01 -1.2166048e+00 -1.3505062e+00 -1.2706549e+00
 -9.3812144e-01 -4.8164353e-01 -1.1493377e-01  1.4028105e-01  2.3459263e-01
  1.9794589e-01  9.5127597e-02 -1.0228831e-01 -4.0822992e-01 -7.2683567e-01
 -7.5346190e-01 -5.3501475e-01 -3.2394895e-01 -2.4585518e-01 -1.9502169e-01
 -1.3311006e-01 -1.2349796e-01
                    Column_H2O_Advection_(mm/hour)
 -3.7763283e-01 -4.9074331e-01 -3.9458168e-01 -2.3384999e-01 -8.2920618e-02
 -2.7703131e-03  3.1143999e-02 -9.7363755e-02 -1.7544250e-01 -1.0836429e-01
  4.9148887e-02  9.6819878e-02  1.0522816e-01  1.6406848e-01  2.5886646e-01
  2.1288395e-01  4.7420997e-02  3.0895877e-03  7.8201927e-02  9.2840500e-02
  2.1956913e-02 -5.8980167e-02 -6.6096283e-02 -1.0961519e-01 -1.4906961e-01
 -1.2199255e-01 -2.9561885e-02 -2.5596833e-02  3.5143364e-02  1.1848003e-01
  1.7672220e-01  8.2806252e-02  1.1013155e-01  2.3130506e-01  4.1101804e-01
  3.9620301e-01  3.3959925e-01  3.3464405e-01  1.3116995e-01 -4.8791323e-02
 -1.9390845e-01 -1.9733211e-01 -1.0598222e-01 -9.4444908e-02 -1.1014025e-01
 -2.2164355e-01 -2.4555841e-01 -2.2589235e-01 -1.3036956e-01 -4.1800864e-02
  7.1552105e-02  8.6001895e-02  6.4128511e-02 -1.2510960e-02 -1.1937785e-01
 -1.3476731e-01 -3.9083958e-02  1.7067401e-01  3.6192751e-01  2.7133924e-01
 -1.6254412e-02 -1.8457559e-01 -6.8754412e-02  8.2697980e-02  8.8742405e-02
  1.3268228e-01  5.4416662e-01  8.1714457e-01  6.6344112e-01  2.5209299e-01
  3.2565139e-02  2.3418583e-02  1.5126565e-01  2.2364566e-01  3.7192625e-01
  4.9892965e-01  9.2548513e-01  1.2311708e+00 -9.9754952e-02 -3.1766337e-01
 -5.9224236e-01 -7.3878157e-01 -1.0208231e+00 -1.3390771e+00 -1.2720156e+00
 -9.5693630e-01 -5.0568867e-01 -1.6537134e-01  7.3114529e-02  2.0304734e-01
  2.3903394e-01  1.2622456e-01 -8.6639285e-02 -4.1611367e-01 -7.6314229e-01
 -8.0748600e-01 -6.2848377e-01 -4.0073267e-01 -2.6731193e-01 -1.9259401e-01
 -1.2877731e-01 -1.2053393e-01
                         Srf_Evaporation_(mm/hour)
  1.8169625e-01  1.4086676e-01  3.2597564e-02  3.3395642e-03 -4.8236009e-03
 -1.9987267e-03  1.6056810e-04  1.1423342e-01  1.7303219e-01  1.6104439e-01
  3.8713943e-02  1.0456180e-02  4.8421160e-03 -7.7819760e-04 -3.2874059e-03
  8.7434761e-02  2.0348163e-01  1.5517858e-01  3.1003147e-02  5.5663218e-03
  5.4441704e-03 -6.4054397e-03 -2.7667230e-03  8.7078355e-02  1.6644692e-01
  1.5430132e-01  3.6712594e-02  1.1912538e-02 -6.8394240e-04  1.2807565e-02
 -5.5912500e-03  1.0631489e-01  1.7062335e-01  1.6498338e-01  2.8628599e-02
  1.0436609e-04  1.5111944e-04  8.1437954e-04 -5.7958425e-03  8.7613113e-02
  1.5808833e-01  1.4849053e-01  2.3264701e-02 -5.0898781e-03 -5.1321490e-03
 -1.1328782e-03 -4.7847032e-04  9.0465806e-02  1.6595474e-01  1.5282041e-01
  2.6047044e-02 -4.0443859e-04 -3.4663910e-03 -4.9450714e-03 -7.7162245e-03
  8.4235646e-02  1.7480120e-01  1.2561381e-01  3.0324498e-02 -3.3492630e-03
 -3.5613556e-03 -8.7358328e-03 -6.4148204e-03  7.4873537e-02  1.3587764e-01
  1.3162422e-01  2.5219869e-02  7.2635650e-03  1.1713939e-02 -8.6235692e-04
 -1.3149088e-02  5.5098638e-02  8.0199808e-02  8.5022584e-02  1.6777873e-02
  1.4116438e-02 -5.5645411e-03 -1.9062091e-02 -6.2896586e-03  4.2839974e-02
  5.8044568e-02  3.6347650e-02  1.3091458e-02  4.7724999e-02  4.6056896e-04
  5.3268980e-04  2.0567624e-02  5.7056844e-02  7.8008525e-02  5.7504453e-02
  1.5320547e-02  1.8074661e-03 -4.0317480e-03 -7.4181431e-03  1.0949315e-02
  4.4390384e-02  8.7706767e-02  6.7846894e-02  1.4428952e-02 -1.9937903e-03
 -3.4183008e-03  2.0356412e-04
             d(Column_Dry_Static_Energy)/dt_(W/m2)
  5.8116687e+02  4.7345038e+02  3.3767181e+02  1.8155801e+02  5.2567036e+01
 -4.0183750e+01  1.0529881e+02  3.5574728e+02  4.1259348e+02  3.4631580e+02
  2.8782730e+02  7.8565384e+01 -1.6126903e+02 -2.2165529e+02 -4.7041615e+01
  1.2542185e+02  2.5635595e+01  5.5542092e+00 -4.0981270e+01 -1.9399048e+02
 -2.7860806e+02 -2.5635696e+02 -4.2700813e+01  1.9562877e+02  2.5981357e+02
  1.9449132e+02  1.1838699e+02 -5.7970863e+01 -2.4865530e+02 -1.8287146e+02
  1.3044533e+01  1.9588623e+02  2.5919705e+02  1.7389659e+02  1.1540307e+02
 -1.9439579e+01 -1.8008366e+02 -2.0205318e+02  1.2649594e+01  1.8785773e+02
  1.8105717e+02  7.6261330e+01 -1.6347654e+01 -5.0237934e+01 -5.9002209e+01
  5.1027512e+01  2.9702948e+02  4.5295422e+02  4.4788248e+02  3.2829065e+02
  2.5212596e+02  1.9882487e+02  4.6391731e+01 -4.1901688e+01 -1.1205912e+01
  1.1993275e+02  1.0161794e+02  3.4005836e+01 -1.3758078e+01 -1.3230688e+02
 -7.0938057e+01 -1.8871960e+02 -1.2121300e+02  2.2322517e+02  1.8519965e+02
  6.6093498e+01 -5.5333717e+01 -2.5731537e+02 -3.9075970e+02 -3.7347073e+02
 -2.6045718e+02 -7.0929405e+01 -7.1586937e+01 -1.0856432e+02 -3.4276672e+01
 -2.0280042e+02 -3.3250452e+02 -3.7037317e+02 -4.6360861e+02 -4.6285129e+02
 -4.8506519e+02 -4.7730121e+02 -4.5555295e+02 -4.9576886e+02 -5.1920673e+02
 -4.6309268e+02 -3.1481027e+02 -1.7605986e+02 -1.7634547e+02 -1.9432237e+02
 -2.1176120e+02 -3.3445358e+02 -3.5668863e+02 -2.9255310e+02 -1.8056236e+02
 -2.1034115e+01  2.0447390e+01 -7.0127762e+01 -2.1077562e+02 -3.2935165e+02
 -3.8354785e+02 -2.9481393e+02
         Column_Dry_Static_Energy_Advection_(W/m2)
  2.4892482e+02  1.4280035e+02  4.2092465e+02  3.9781470e+02  2.7049609e+02
  1.6822847e+02  3.1467850e+02  3.0845926e+02  7.0409866e+01  6.5832321e+01
  3.9681000e+02  2.9589706e+02  6.5405197e+01 -6.6267886e+00  1.7169713e+02
  6.3580658e+01 -2.8582901e+02 -2.7480756e+02  7.7148361e+01  3.5165409e+01
 -3.4855049e+01 -3.1944651e+01  1.7626904e+02  1.4304373e+02 -7.0229942e+01
 -8.2089760e+01  2.5033081e+02  1.7309204e+02 -6.0556817e+00  4.6243896e+01
  2.4493825e+02  1.4900452e+02 -7.4277084e+01 -9.0886520e+01  2.2990001e+02
  1.9703372e+02  5.4980213e+01  8.1738977e+00  2.2371193e+02  1.2997768e+02
 -1.6402664e+02 -2.0615643e+02  1.0984457e+02  1.9339713e+02  1.6947252e+02
  2.7596005e+02  5.2993451e+02  3.8057901e+02  1.2783150e+02  6.1766777e+01
  3.9600140e+02  4.4954486e+02  3.0166275e+02  2.0016246e+02  2.3730699e+02
  5.3140785e+01 -1.9020000e+02 -1.9800021e+02 -9.3750343e+01  1.2093443e+02
  1.9403674e+02  6.9737251e+01  1.3153551e+02  1.8266026e+02 -1.1940274e+02
 -1.8074341e+02  1.1968233e+02  1.5513828e+01 -1.3382549e+02 -1.1762164e+02
 -1.2281710e+01 -1.2892572e+02 -3.5765305e+02 -3.2663226e+02  7.3381912e+01
 -1.2874770e+01 -5.4600763e+02 -1.0670376e+03 -3.7550827e+02 -4.9944168e+02
 -7.0831555e+02 -6.5977240e+02 -4.2374667e+02 -3.0298724e+02 -2.9724368e+02
 -2.3470927e+02 -1.0008998e+02 -2.2653795e+02 -4.7431528e+02 -3.8885693e+02
 -1.0152743e+02 -1.4861128e+02 -1.6135350e+02 -8.9724937e+01  1.5075746e+00
 -8.3224197e+01 -3.1246796e+02 -3.7325854e+02 -8.6538574e+01 -1.4137729e+02
 -1.9413329e+02 -1.3628040e+02
                   Column_Radiative_Heating_(W/m2)
  7.0245132e+01  9.2166176e+01 -1.0408492e+02 -1.9684062e+02 -2.0958888e+02
 -1.9393918e+02 -2.0287685e+02 -4.4466221e+01  6.3046627e+01  7.0979088e+01
 -1.1593106e+02 -2.0110480e+02 -2.1673238e+02 -2.0246049e+02 -2.0811050e+02
 -4.2334240e+01  6.5790482e+01  7.2917877e+01 -1.2823781e+02 -2.1291574e+02
 -2.2992212e+02 -2.1571762e+02 -2.2144609e+02 -5.4513664e+01  6.2087997e+01
  7.0231445e+01 -1.3335181e+02 -2.1034517e+02 -2.2470355e+02 -2.1140417e+02
 -2.1745949e+02 -5.0988689e+01  6.7089546e+01  7.8057503e+01 -1.2439001e+02
 -1.9305115e+02 -2.1068710e+02 -1.9282487e+02 -2.0251881e+02 -3.9428970e+01
  1.2406618e+02  1.0733936e+02 -1.2393342e+02 -2.0421844e+02 -2.0085640e+02
 -2.0570186e+02 -2.1285037e+02 -2.9317263e+01  5.5204079e+01  6.8904022e+01
 -1.3961630e+02 -2.1198245e+02 -2.2135759e+02 -2.1427142e+02 -2.2193387e+02
 -3.3998493e+01  5.0740685e+01  6.4216858e+01  9.3113937e+01 -2.3137939e+02
 -2.3733615e+02 -2.2460600e+02 -2.3142163e+02 -4.1332764e+01  5.5088924e+01
  7.0160347e+01 -1.6374606e+02 -2.3028116e+02 -2.3688760e+02 -2.2423792e+02
 -2.2354800e+02 -2.9718132e+01  7.1242981e+01  7.1201851e+01 -1.1620361e+02
 -2.0903777e+02 -2.1103810e+02 -1.7495761e+02 -1.9663950e+02 -4.1702660e+01
  5.9452057e+01  1.1442955e+01 -1.8550137e+02 -2.3155237e+02 -2.2189362e+02
 -2.1506693e+02 -2.0833679e+02 -3.5449917e+01  5.7438244e+01  5.3650074e+01
 -1.5832031e+02 -2.0331532e+02 -2.0118022e+02 -1.9519229e+02 -1.9262775e+02
 -1.7934849e+01  6.7494438e+01  9.0000198e+01 -1.2385095e+02 -1.7145677e+02
 -1.7219797e+02 -1.4592204e+02
                      Column_Latent_heating_(W/m2)
  0.0000000e+00  0.0000000e+00  0.0000000e+00  0.0000000e+00  0.0000000e+00
  0.0000000e+00  0.0000000e+00  0.0000000e+00  0.0000000e+00  0.0000000e+00
  0.0000000e+00  0.0000000e+00  0.0000000e+00  0.0000000e+00  0.0000000e+00
  0.0000000e+00  0.0000000e+00  0.0000000e+00  0.0000000e+00  0.0000000e+00
  0.0000000e+00  0.0000000e+00  0.0000000e+00  0.0000000e+00  0.0000000e+00
  0.0000000e+00  0.0000000e+00  0.0000000e+00  0.0000000e+00  0.0000000e+00
  0.0000000e+00  0.0000000e+00  0.0000000e+00  0.0000000e+00  0.0000000e+00
  0.0000000e+00  0.0000000e+00  0.0000000e+00  0.0000000e+00  0.0000000e+00
  6.7156523e-01  7.4103904e-01  0.0000000e+00  0.0000000e+00  0.0000000e+00
  0.0000000e+00  0.0000000e+00  0.0000000e+00  0.0000000e+00  0.0000000e+00
  0.0000000e+00  0.0000000e+00  0.0000000e+00  0.0000000e+00  0.0000000e+00
  0.0000000e+00  0.0000000e+00  0.0000000e+00  0.0000000e+00  0.0000000e+00
  0.0000000e+00  0.0000000e+00  0.0000000e+00  0.0000000e+00  0.0000000e+00
  0.0000000e+00  0.0000000e+00  0.0000000e+00  0.0000000e+00  0.0000000e+00
  0.0000000e+00  0.0000000e+00  0.0000000e+00  1.1347111e+00  2.1767974e+00
  2.3921581e+01  3.8645129e+02  8.7560663e+02  1.3725391e+02  3.1748842e+01
  4.8792641e+01  9.6844284e+01  1.6573735e+02  5.8148266e+01  3.0336237e+00
  0.0000000e+00  0.0000000e+00  0.0000000e+00  0.0000000e+00  1.1833367e+01
  2.9757256e+01  2.9873011e+00  1.8062774e+00  1.1277618e+01  6.9472247e-01
  1.8525900e-01  0.0000000e+00  0.0000000e+00  0.0000000e+00  0.0000000e+00
  0.0000000e+00  0.0000000e+00
                             omega_surface_(mb/hr)
 -0.0000000e+00 -0.0000000e+00 -0.0000000e+00 -0.0000000e+00 -0.0000000e+00
 -0.0000000e+00 -0.0000000e+00 -0.0000000e+00 -0.0000000e+00 -0.0000000e+00
 -0.0000000e+00 -0.0000000e+00 -0.0000000e+00 -0.0000000e+00 -0.0000000e+00
 -0.0000000e+00 -0.0000000e+00 -0.0000000e+00 -0.0000000e+00 -0.0000000e+00
 -0.0000000e+00 -0.0000000e+00 -0.0000000e+00 -0.0000000e+00 -0.0000000e+00
 -0.0000000e+00 -0.0000000e+00 -0.0000000e+00 -0.0000000e+00 -0.0000000e+00
 -0.0000000e+00 -0.0000000e+00 -0.0000000e+00 -0.0000000e+00 -0.0000000e+00
 -0.0000000e+00 -0.0000000e+00 -0.0000000e+00 -0.0000000e+00 -0.0000000e+00
 -0.0000000e+00 -0.0000000e+00 -0.0000000e+00 -0.0000000e+00 -0.0000000e+00
 -0.0000000e+00 -0.0000000e+00 -0.0000000e+00 -0.0000000e+00 -0.0000000e+00
 -0.0000000e+00 -0.0000000e+00 -0.0000000e+00 -0.0000000e+00 -0.0000000e+00
 -0.0000000e+00 -0.0000000e+00 -0.0000000e+00 -0.0000000e+00 -0.0000000e+00
 -0.0000000e+00 -0.0000000e+00 -0.0000000e+00 -0.0000000e+00 -0.0000000e+00
 -0.0000000e+00 -0.0000000e+00 -0.0000000e+00 -0.0000000e+00 -0.0000000e+00
 -0.0000000e+00 -0.0000000e+00 -0.0000000e+00 -0.0000000e+00 -0.0000000e+00
 -0.0000000e+00 -0.0000000e+00 -0.0000000e+00 -0.0000000e+00 -0.0000000e+00
 -0.0000000e+00 -0.0000000e+00 -0.0000000e+00 -0.0000000e+00 -0.0000000e+00
 -0.0000000e+00 -0.0000000e+00 -0.0000000e+00 -0.0000000e+00 -0.0000000e+00
 -0.0000000e+00 -0.0000000e+00 -0.0000000e+00 -0.0000000e+00 -0.0000000e+00
 -0.0000000e+00 -0.0000000e+00 -0.0000000e+00 -0.0000000e+00 -0.0000000e+00
 -0.0000000e+00 -0.0000000e+00
                                qs_surface_(kg/kg)
  4.7945874e-03  4.4360580e-03  4.2614574e-03  5.0361403e-03  4.8680543e-03
  4.6188212e-03  4.5287465e-03  5.7833982e-03  4.9079447e-03  4.5438660e-03
  4.6428675e-03  4.8931870e-03  4.9892534e-03  5.1864926e-03  5.3376495e-03
  6.5471437e-03  5.9946319e-03  5.3138039e-03  5.3627011e-03  6.2083984e-03
  6.0489979e-03  5.7926471e-03  5.9333085e-03  7.2568841e-03  6.3546486e-03
  5.7030143e-03  5.6618378e-03  5.7870178e-03  6.2994785e-03  6.2931250e-03
  6.2697208e-03  7.3532718e-03  6.7174812e-03  6.1890157e-03  5.5946033e-03
  5.6702821e-03  6.0521346e-03  6.0266401e-03  6.2725763e-03  6.9039837e-03
  6.3063144e-03  6.0506868e-03  5.9189931e-03  5.8805905e-03  5.8935392e-03
  5.5811326e-03  5.9823669e-03  6.3599972e-03  6.2613976e-03  6.2085586e-03
  6.1584548e-03  6.5571163e-03  6.6545489e-03  6.6820951e-03  6.9344239e-03
  7.7647604e-03  8.3108386e-03  8.5039362e-03  8.6538456e-03  9.2750397e-03
  9.5076254e-03  9.7767226e-03  1.0707750e-02  1.1645732e-02  1.1402209e-02
  1.0996713e-02  1.0710765e-02  1.1315714e-02  1.1112000e-02  1.0215475e-02
  9.9497950e-03  9.9877957e-03  1.0748645e-02  1.0749329e-02  1.0535442e-02
  1.0303902e-02  1.0105898e-02  9.8866215e-03  1.0042604e-02  1.0602756e-02
  1.1281614e-02  1.0140159e-02  8.8259531e-03  7.7212108e-03  6.5717930e-03
  5.4932293e-03  4.6548108e-03  4.1298843e-03  3.5865693e-03  3.1862997e-03
  2.8751036e-03  3.2495770e-03  3.1930874e-03  3.2388889e-03  3.4187767e-03
  3.4623866e-03  2.7319251e-03  2.5137393e-03  2.4102458e-03  2.6428436e-03
  2.7276627e-03  2.6920310e-03
                                     s_surface_(K)
  2.8979099e+02  2.9362799e+02  2.9392401e+02  2.8644400e+02  2.8393600e+02
  2.8169601e+02  2.8107501e+02  2.8764801e+02  2.9580701e+02  2.9963599e+02
  2.9913300e+02  2.9115900e+02  2.8785901e+02  2.8561600e+02  2.8482401e+02
  2.9100000e+02  2.9955200e+02  3.0373300e+02  3.0242001e+02  2.9360800e+02
  2.8992999e+02  2.8787701e+02  2.8649200e+02  2.9318301e+02  3.0222501e+02
  3.0501999e+02  3.0324701e+02  2.9502200e+02  2.9203900e+02  2.8967801e+02
  2.8808099e+02  2.9423499e+02  3.0234500e+02  3.0492401e+02  3.0300900e+02
  2.9607501e+02  2.9394299e+02  2.9289600e+02  2.9157999e+02  2.9549600e+02
  3.0298599e+02  3.0659399e+02  3.0487100e+02  2.9871399e+02  2.9598199e+02
  2.9379800e+02  2.9277200e+02  2.9713000e+02  3.0460300e+02  3.0849399e+02
  3.0715100e+02  3.0086099e+02  2.9829099e+02  2.9624500e+02  2.9394199e+02
  2.9798401e+02  3.0503900e+02  3.0854800e+02  3.0708899e+02  2.9997400e+02
  2.9746600e+02  2.9560101e+02  2.9552399e+02  2.9868799e+02  3.0577100e+02
  3.0921100e+02  3.0855200e+02  3.0249399e+02  2.9976501e+02  2.9650299e+02
  2.9425101e+02  2.9478201e+02  2.9875699e+02  3.0085599e+02  2.9933301e+02
  2.9567700e+02  2.9275601e+02  2.9171899e+02  2.9102899e+02  2.9270999e+02
  2.9614999e+02  2.9506201e+02  2.9132700e+02  2.8875601e+02  2.8623801e+02
  2.8423001e+02  2.8272198e+02  2.8275400e+02  2.8507001e+02  2.8640500e+02
  2.8495801e+02  2.8311200e+02  2.8258899e+02  2.8193201e+02  2.8115500e+02
  2.8203000e+02  2.8525699e+02  2.8768500e+02  2.8639099e+02  2.8050201e+02
  2.7838300e+02  2.7742001e+02
                             MWR_precip_water_(cm)
  1.0873308e+00  1.0731071e+00  9.3415827e-01  8.7958360e-01  8.7467974e-01
  8.8393342e-01  9.0062171e-01  8.7763345e-01  8.7529606e-01  8.7981802e-01
  9.0606856e-01  9.2659926e-01  8.8975465e-01  9.4287413e-01  1.0355016e+00
  1.1079974e+00  1.2678373e+00  1.3492321e+00  1.3408964e+00  1.2694663e+00
  1.3464520e+00  1.2999691e+00  1.2633485e+00  1.3677686e+00  1.2951096e+00
  1.3496252e+00  1.3453079e+00  1.3632942e+00  1.3111980e+00  1.3425682e+00
  1.3805352e+00  1.4422716e+00  1.4277315e+00  1.5552787e+00  1.7121875e+00
  1.7680827e+00  2.0524738e+00  2.1886787e+00  2.0843072e+00  2.0830009e+00
  2.1597762e+00  2.1245368e+00  2.1140423e+00  2.1192250e+00  1.9894272e+00
  1.9266717e+00  1.9428355e+00  1.8869684e+00  1.8945411e+00  2.0235934e+00
  1.9788376e+00  1.8948052e+00  1.7946332e+00  1.8338928e+00  1.8283921e+00
  1.8710203e+00  1.9784622e+00  2.0908327e+00  2.1403382e+00  2.2452610e+00
  2.2883611e+00  2.2024581e+00  2.1543365e+00  2.2053170e+00  2.1868575e+00
  2.3024340e+00  2.4155715e+00  2.5394599e+00  2.7411013e+00  2.9849927e+00
  2.9688568e+00  2.9579911e+00  3.1345744e+00  3.2016129e+00  3.2934568e+00
  3.4208548e+00  3.5480502e+00  3.5685329e+00  3.4214661e+00  3.3249047e+00
  3.3418753e+00  3.2839930e+00  2.9545603e+00  2.4359424e+00  1.9239796e+00
  1.6341869e+00  1.5450861e+00  1.4397362e+00  1.4713078e+00  1.6573752e+00
  1.6732235e+00  1.6403674e+00  1.5082896e+00  1.5451344e+00  1.5351279e+00
  1.1736466e+00  1.0290176e+00  8.5934252e-01  7.7605766e-01  7.4064130e-01
  6.7455876e-01  6.6332269e-01
                             Siros_Srf_LWUP_(W/m2)
  4.1941473e+02  4.2676239e+02  3.8726486e+02  3.4495364e+02  3.2224905e+02
  3.1078467e+02  3.1012662e+02  3.8278290e+02  4.6036996e+02  4.5583221e+02
  4.0546161e+02  3.6362863e+02  3.5748328e+02  3.4881998e+02  3.3410309e+02
  4.0859088e+02  4.7670703e+02  4.7631387e+02  4.1976956e+02  3.7548633e+02
  3.6764761e+02  3.4962341e+02  3.5143436e+02  4.2094376e+02  4.8452335e+02
  4.8246225e+02  4.2704678e+02  3.8389722e+02  3.6687418e+02  3.6640549e+02
  3.6465665e+02  4.1984894e+02  4.7215253e+02  4.7149454e+02  4.2960928e+02
  4.0614804e+02  3.8665442e+02  3.8027466e+02  3.8017368e+02  4.3284857e+02
  4.7233054e+02  4.7732663e+02  4.4030527e+02  4.1672079e+02  4.0447156e+02
  3.8208893e+02  3.7597430e+02  4.3451517e+02  4.8666489e+02  5.0900986e+02
  4.5764694e+02  4.2541125e+02  4.2760873e+02  4.0655542e+02  3.9696429e+02
  4.4567355e+02  4.9466815e+02  5.1995172e+02  4.6267999e+02  4.3255792e+02
  4.2368427e+02  4.1244241e+02  4.0874628e+02  4.4817010e+02  4.9423969e+02
  5.2928296e+02  4.6461423e+02  4.2929501e+02  4.3112640e+02  4.1430643e+02
  4.0125974e+02  4.2545325e+02  4.5406900e+02  4.5016806e+02  4.2763382e+02
  4.1272244e+02  3.9109940e+02  3.8092896e+02  3.7393222e+02  4.0387091e+02
  4.1852957e+02  4.1376071e+02  3.7886362e+02  3.5194107e+02  3.4027045e+02
  3.5060730e+02  3.4861035e+02  3.5913440e+02  3.6993204e+02  3.6145303e+02
  3.5633557e+02  3.4554935e+02  3.5158951e+02  3.4457327e+02  3.2593851e+02
  3.5824478e+02  3.8412427e+02  3.8211682e+02  3.4327258e+02  3.1064243e+02
  2.9638376e+02  2.9700049e+02
                             Siros_Srf_LWDN_(W/m2)
  2.9282706e+02  3.0131866e+02  2.9480276e+02  2.8390369e+02  2.7269724e+02
  2.6485956e+02  2.6427579e+02  2.9472119e+02  3.0582422e+02  3.2632941e+02
  3.2889224e+02  2.9745865e+02  2.9698441e+02  2.9458087e+02  2.8353937e+02
  3.0831464e+02  3.3960400e+02  3.6884320e+02  3.5751913e+02  3.1689246e+02
  3.1418460e+02  3.0537567e+02  3.0628351e+02  3.2006985e+02  3.5254266e+02
  3.5429584e+02  3.6297534e+02  3.2352322e+02  3.1149588e+02  3.1590060e+02
  3.1250388e+02  3.2655847e+02  3.6342917e+02  3.7233917e+02  3.5563260e+02
  3.3798700e+02  3.2822086e+02  3.2888110e+02  3.2524530e+02  3.4402335e+02
  3.6456000e+02  3.8212628e+02  3.7745459e+02  3.4324988e+02  3.3087796e+02
  3.1896802e+02  3.1193576e+02  3.3659250e+02  3.7232791e+02  3.7595169e+02
  3.8165948e+02  3.6373105e+02  3.4893967e+02  3.3529504e+02  3.3225159e+02
  3.4718390e+02  3.7218179e+02  3.8415353e+02  3.8224329e+02  3.6476828e+02
  3.6409921e+02  3.5088251e+02  3.4829117e+02  3.5804053e+02  3.8306610e+02
  3.9967191e+02  3.8764145e+02  3.7492593e+02  3.7153427e+02  3.5643973e+02
  3.4621161e+02  3.5641367e+02  3.7334607e+02  3.8581131e+02  3.8026608e+02
  3.6988828e+02  3.6837192e+02  3.6904187e+02  3.6569962e+02  3.8132755e+02
  3.9186642e+02  3.9197433e+02  3.7558130e+02  3.5921869e+02  3.4209811e+02
  3.2509021e+02  3.1742227e+02  3.1282999e+02  3.2022375e+02  3.2135693e+02
  3.2947430e+02  3.3616510e+02  3.3657321e+02  3.2560947e+02  3.0030661e+02
  2.8992184e+02  2.9479745e+02  2.8229016e+02  2.7201620e+02  2.5399530e+02
  2.5160915e+02  2.5151340e+02
                             Siros_Srf_SWUP_(W/m2)
  1.6693629e+02  1.4100038e+02  3.2378208e+01 -1.7438308e+00 -1.2309804e+00
 -8.7893385e-01  5.6641078e+00  1.1141123e+02  1.7723154e+02  1.5228947e+02
  3.2090805e+01 -1.5583203e+00 -1.1213359e+00 -9.1632903e-01  4.8870010e+00
  1.0510531e+02  1.7188539e+02  1.4180089e+02  2.8791637e+01 -1.7027467e+00
 -1.5963327e+00 -1.6637568e+00  3.6189816e+00  1.0539035e+02  1.7145638e+02
  1.4043738e+02  2.7969778e+01 -1.4985534e+00 -1.3770431e+00 -1.2031528e+00
  3.7147114e+00  1.0494847e+02  1.7187138e+02  1.3745839e+02  2.4707682e+01
 -8.5877645e-01 -5.7486874e-01 -4.9752381e-01  3.6831090e+00  9.1956329e+01
  1.4577614e+02  1.1994075e+02  2.4322805e+01 -8.1652772e-01 -7.4649793e-01
 -6.7089808e-01  3.5765162e+00  1.0170103e+02  1.6958719e+02  1.3728549e+02
  2.5428164e+01 -7.7014637e-01 -7.1707439e-01 -7.5733256e-01  3.3794687e+00
  1.0231571e+02  1.6853552e+02  1.3475270e+02  2.3808546e+01 -1.1653818e+00
 -9.1093850e-01 -5.7767218e-01  2.9748349e+00  1.0076151e+02  1.6842039e+02
  1.3422758e+02  2.3127655e+01 -1.2785480e+00 -1.0440432e+00 -4.6582949e-01
  1.9464787e+00  7.6756073e+01  1.3072272e+02  1.0109138e+02  1.4055877e+01
 -5.9611315e-01 -5.3047866e-01 -7.8832107e-03  1.2976815e+00  3.9710587e+01
  4.9228764e+01  2.8098412e+01  2.7482836e+00 -5.0179040e-01 -2.0436428e-01
 -1.4966317e-01  1.2755507e+00  6.2765995e+01  1.0934994e+02  6.4861038e+01
  7.1080523e+00 -6.7864270e-03 -1.9586211e-02 -1.3102868e-01  1.6704744e+00
  7.4570732e+01  1.5359706e+02  1.2876875e+02  2.3188576e+01 -8.0057544e-01
 -5.6219792e-01 -4.4771314e-01
                             Siros_Srf_SWDN_(W/m2)
  8.0422058e+02  6.3498322e+02  1.1167460e+02 -5.3919702e+00 -4.7634640e+00
 -4.4406285e+00  1.3041646e+01  4.4151682e+02  8.2301245e+02  6.4063379e+02
  1.0713435e+02 -5.7806683e+00 -5.3334770e+00 -4.8952270e+00  1.1347291e+01
  4.1027188e+02  7.8155634e+02  6.0368317e+02  9.7431801e+01 -6.0833926e+00
 -5.1380677e+00 -4.5047145e+00  1.0091623e+01  4.1558362e+02  7.8161456e+02
  5.9599310e+02  9.4419502e+01 -6.3762379e+00 -5.8041735e+00 -5.3423333e+00
  9.1542702e+00  4.0572778e+02  7.6778943e+02  5.7932141e+02  8.1653206e+01
 -7.4870906e+00 -6.4808669e+00 -6.5178280e+00  7.1041069e+00  3.6081210e+02
  6.5166876e+02  5.0539743e+02  7.9773468e+01 -7.4749656e+00 -6.8947177e+00
 -6.6544771e+00  6.3224182e+00  3.9075281e+02  7.5416431e+02  5.7553326e+02
  8.2189590e+01 -8.6085615e+00 -7.9785290e+00 -7.1949773e+00  5.6941710e+00
  3.9053189e+02  7.5669757e+02  5.7296301e+02  7.9188759e+01 -6.2181163e+00
 -6.5938563e+00 -6.2406693e+00  5.5418806e+00  3.8565652e+02  7.4515588e+02
  5.6031476e+02  7.6704414e+01 -7.3706007e+00 -6.9644761e+00 -6.4957085e+00
  1.7364357e+00  3.0113254e+02  5.7769373e+02  4.0827094e+02  4.8095959e+01
 -5.2917943e+00 -4.8473926e+00 -4.4693513e+00  9.4497168e-01  1.7009550e+02
  2.2299141e+02  1.2577709e+02  9.9161720e+00 -5.6416783e+00 -5.6911941e+00
 -5.4428177e+00  4.6807849e-01  2.5600836e+02  4.9860266e+02  2.9242386e+02
  2.7225439e+01 -3.9714856e+00 -3.9218872e+00 -4.3662128e+00  2.1912799e+00
  3.0801923e+02  7.0503345e+02  5.4703296e+02  7.4873344e+01 -5.1012845e+00
 -3.7254195e+00 -3.9095595e+00
